TRIP
DATE 2013-01-19 
DECLINATION     0.00
DATA
1.0	1.1	233.17	-4.38	7.000	>
1.1	1.2	220.08	-3.80	7.740	>
1.2	1.3	223.57	-12.91	3.580	>
1.3	1.4	236.42	-9.09	6.276	>
1.4	1.5	110.10	31.40	3.449	>
1.5	1.6	236.72	-5.45	2.413	>
1.6		112.04	28.36	0.960	>
1.6		111.08	-3.24	0.459	>
1.6		162.65	14.42	0.879	>
1.6		184.45	-0.11	1.070	>
1.6		221.76	-4.08	0.689	>
1.6	1.7	212.27	-16.27	2.199	>
1.7		346.05	-71.01	0.510	>
1.7		22.34	18.35	0.480	>
1.7	1.8	26.42	8.95	1.916	>
1.8	1.9	105.83	-4.52	0.559	>
1.9	1.10	11.79	1.17	4.709	>
1.10	1.11	223.34	-28.47	3.350	>
1.11	1.12	299.98	-10.65	2.299	>
1.12	1.13	245.85	-49.04	3.476	>
1.13	1.14	242.31	-52.45	6.492	>
1.14	1.15	288.16	-58.71	5.190	>
1.15		46.14	41.66	1.801	>
1.15		351.60	35.69	2.630	>
1.15		328.02	31.75	4.070	>
1.15		310.07	27.27	5.250	>
1.15		293.75	31.33	4.150	>
1.15		285.33	5.35	6.301	>
1.15		280.01	9.49	2.420	>
1.15		331.74	2.19	1.570	>
1.15		313.81	0.50	1.601	>
1.15		288.71	-2.18	1.890	>
1.15	1.16	277.19	-3.33	2.483	>
1.16	1.17	219.17	-42.75	5.073	>
1.17		307.27	-7.54	1.219	>
1.17		274.80	-26.38	1.920	>
1.17		252.73	-31.56	2.440	>
1.17		233.18	-33.40	3.250	>
1.17		228.74	-38.36	3.970	>
1.17		226.20	-35.47	1.199	>
1.17		214.27	-27.73	1.059	>
1.17		190.99	-30.70	0.531	>
1.17	1.18	232.83	-31.88	2.982	>
1.18		81.97	12.41	1.400	>
1.18		85.94	27.54	2.180	>
1.18		75.37	24.08	1.630	>
1.18		101.51	19.95	1.450	>
1.18		111.62	-0.11	1.080	>
1.18		120.99	-12.64	0.850	>
1.18		301.23	-31.80	0.220	>
1.18	1.19	172.14	-49.21	4.200	>
1.19		96.73	50.70	1.630	>
1.19		57.98	45.57	2.420	>
1.19		21.49	34.56	1.879	>
1.19		0.31	15.19	1.340	>
1.19		334.08	2.63	1.200	>
1.19		303.17	-21.52	1.350	>
1.19		269.90	-30.75	1.350	>
1.19	1.20	301.10	-50.69	2.542	>
1.20		88.81	21.81	0.880	>
1.20		60.00	8.03	0.830	>
1.20		319.47	24.72	0.610	>
1.20		349.36	3.07	0.841	>
1.20		12.24	-9.14	1.190	>
1.20		31.05	-14.49	1.830	>
1.20	1.21	51.45	-16.34	2.406	>
1.21	1.22	93.62	-16.19	1.320	>
1.22	1.23	124.01	-28.60	3.936	>
1.23		351.82	17.03	0.970	>
1.23		326.60	29.15	1.731	>
1.23		312.88	30.78	2.540	>
1.23		245.25	18.29	1.160	>
1.23		266.56	22.55	1.460	>
1.23	1.24	108.44	-13.67	2.489	>
1.24		265.87	12.80	0.740	>
1.24		336.40	9.89	0.710	>
1.24		312.40	13.19	0.929	>
1.24		298.68	11.20	1.370	>
1.24		294.16	10.89	1.609	>
1.24	1.25	33.23	-4.28	4.299	>
1.25		189.39	9.78	1.530	>
1.25		202.90	7.59	2.331	>
1.25		209.45	8.33	3.030	>
1.25		219.06	11.16	1.260	>
1.25		234.88	4.14	0.901	>
1.25		269.27	-12.27	0.480	>
1.25		174.60	1.71	0.670	>
1.25		119.95	3.92	0.600	>
1.25	1.26	16.60	-56.72	2.463	>
1.26		265.60	26.50	1.020	>
1.26		242.82	30.89	1.219	>
1.26		225.19	28.30	1.700	>
1.26		207.42	20.49	1.400	>
1.26	1.27	27.78	-2.56	1.836	>
1.27	1.28	90.22	-25.24	0.872	>
1.28	1.29	25.21	-68.45	5.829	>

PLAN
STATIONS
0.000	0.000	1.0
-5.586	-4.184	1.1
-10.558	-10.093	1.2
-12.963	-12.621	1.3
-18.126	-16.049	1.4
-15.361	-17.061	1.5
-17.369	-18.379	1.6
-18.496	-20.164	1.7
-17.654	-18.469	1.8
-17.118	-18.621	1.9
-16.156	-14.012	1.10
-18.177	-16.154	1.11
-20.134	-15.025	1.12
-22.213	-15.957	1.13
-25.717	-17.796	1.14
-28.278	-16.956	1.15
-30.737	-16.646	1.16
-33.090	-19.534	1.17
-35.108	-21.064	1.18
-34.733	-23.782	1.19
-36.112	-22.950	1.20
-34.306	-21.511	1.21
-33.041	-21.591	1.22
-30.176	-23.524	1.23
-27.882	-24.289	1.24
-25.533	-20.703	1.25
-25.147	-19.408	1.26
-24.292	-17.785	1.27
-23.503	-17.788	1.28
-22.591	-15.851	1.29
SHOTS
-23.503	-17.788	-22.591	-15.851
-24.292	-17.785	-23.503	-17.788
-25.147	-19.408	-24.292	-17.785
-25.533	-20.703	-25.147	-19.408
-25.147	-19.408	-26.057	-19.478
-25.147	-19.408	-26.078	-19.886
-25.147	-19.408	-26.209	-20.463
-25.147	-19.408	-25.751	-20.572
-27.882	-24.289	-25.533	-20.703
-25.533	-20.703	-25.779	-22.191
-25.533	-20.703	-26.432	-22.831
-25.533	-20.703	-27.007	-23.314
-25.533	-20.703	-26.312	-21.663
-25.533	-20.703	-26.268	-21.220
-25.533	-20.703	-26.002	-20.709
-25.533	-20.703	-25.470	-21.370
-25.533	-20.703	-25.014	-21.002
-30.176	-23.524	-27.882	-24.289
-27.882	-24.289	-28.602	-24.341
-27.882	-24.289	-28.162	-23.648
-27.882	-24.289	-28.550	-23.679
-27.882	-24.289	-29.061	-23.644
-27.882	-24.289	-29.324	-23.642
-33.041	-21.591	-30.176	-23.524
-30.176	-23.524	-30.308	-22.606
-30.176	-23.524	-31.008	-22.262
-30.176	-23.524	-31.775	-22.039
-30.176	-23.524	-31.176	-23.985
-30.176	-23.524	-31.522	-23.605
-34.306	-21.511	-33.041	-21.591
-36.112	-22.950	-34.306	-21.511
-34.733	-23.782	-36.112	-22.950
-36.112	-22.950	-35.295	-22.933
-36.112	-22.950	-35.400	-22.539
-36.112	-22.950	-36.472	-22.529
-36.112	-22.950	-36.267	-22.125
-36.112	-22.950	-35.863	-21.802
-36.112	-22.950	-35.198	-21.432
-35.108	-21.064	-34.733	-23.782
-34.733	-23.782	-33.708	-23.903
-34.733	-23.782	-33.297	-22.884
-34.733	-23.782	-34.166	-22.342
-34.733	-23.782	-34.726	-22.489
-34.733	-23.782	-35.257	-22.704
-34.733	-23.782	-35.784	-23.095
-34.733	-23.782	-35.893	-23.784
-33.090	-19.534	-35.108	-21.064
-35.108	-21.064	-33.754	-20.873
-35.108	-21.064	-33.180	-20.927
-35.108	-21.064	-33.668	-20.688
-35.108	-21.064	-33.772	-21.336
-35.108	-21.064	-34.104	-21.462
-35.108	-21.064	-34.397	-21.491
-35.108	-21.064	-35.268	-20.967
-30.737	-16.646	-33.090	-19.534
-33.090	-19.534	-34.052	-18.802
-33.090	-19.534	-34.804	-19.390
-33.090	-19.534	-35.075	-20.151
-33.090	-19.534	-35.262	-21.160
-33.090	-19.534	-35.430	-21.587
-33.090	-19.534	-33.795	-20.210
-33.090	-19.534	-33.618	-20.309
-33.090	-19.534	-33.177	-19.982
-28.278	-16.956	-30.737	-16.646
-25.717	-17.796	-28.278	-16.956
-28.278	-16.956	-27.308	-16.024
-28.278	-16.956	-28.590	-14.843
-28.278	-16.956	-30.111	-14.020
-28.278	-16.956	-31.849	-13.952
-28.278	-16.956	-31.523	-15.528
-28.278	-16.956	-34.328	-15.297
-28.278	-16.956	-30.629	-16.541
-28.278	-16.956	-29.021	-15.574
-28.278	-16.956	-29.433	-15.848
-28.278	-16.956	-30.067	-16.350
-22.213	-15.957	-25.717	-17.796
-20.134	-15.025	-22.213	-15.957
-18.177	-16.154	-20.134	-15.025
-16.156	-14.012	-18.177	-16.154
-17.118	-18.621	-16.156	-14.012
-17.654	-18.469	-17.118	-18.621
-18.496	-20.164	-17.654	-18.469
-17.369	-18.379	-18.496	-20.164
-18.496	-20.164	-18.536	-20.003
-18.496	-20.164	-18.323	-19.743
-15.361	-17.061	-17.369	-18.379
-17.369	-18.379	-16.586	-18.696
-17.369	-18.379	-16.941	-18.544
-17.369	-18.379	-17.115	-19.192
-17.369	-18.379	-17.452	-19.446
-17.369	-18.379	-17.827	-18.892
-18.126	-16.049	-15.361	-17.061
-12.963	-12.621	-18.126	-16.049
-10.558	-10.093	-12.963	-12.621
-5.586	-4.184	-10.558	-10.093
0.000	0.000	-5.586	-4.184

ELEVATION
STATIONS
0.000	0.000	1.0
6.979	-0.534	1.1
14.701	-1.047	1.2
18.190	-1.847	1.3
24.388	-2.838	1.4
27.333	-1.041	1.5
29.735	-1.270	1.6
31.846	-1.886	1.7
33.739	-1.588	1.8
34.297	-1.632	1.9
39.006	-1.536	1.10
41.951	-3.133	1.11
44.211	-3.558	1.12
46.490	-6.183	1.13
50.447	-11.330	1.14
53.142	-15.765	1.15
55.621	-15.909	1.16
59.346	-19.352	1.17
61.879	-20.927	1.18
64.622	-24.107	1.19
66.233	-26.074	1.20
68.542	-26.751	1.21
69.809	-27.119	1.22
73.265	-29.003	1.23
75.684	-29.591	1.24
79.971	-29.912	1.25
81.322	-31.971	1.26
83.156	-32.053	1.27
83.945	-32.425	1.28
86.086	-37.847	1.29
SHOTS
83.945	-32.425	86.086	-37.847
83.156	-32.053	83.945	-32.425
81.322	-31.971	83.156	-32.053
79.971	-29.912	81.322	-31.971
81.322	-31.971	80.946	-31.516
81.322	-31.971	80.589	-31.345
81.322	-31.971	80.007	-31.165
81.322	-31.971	80.034	-31.481
75.684	-29.591	79.971	-29.912
79.971	-29.912	78.590	-29.652
79.971	-29.912	77.697	-29.604
79.971	-29.912	76.979	-29.473
79.971	-29.912	78.741	-29.668
79.971	-29.912	79.136	-29.847
79.971	-29.912	79.736	-30.014
79.971	-29.912	79.446	-29.892
79.971	-29.912	79.923	-29.871
73.265	-29.003	75.684	-29.591
75.684	-29.591	75.018	-29.427
75.684	-29.591	75.572	-29.469
75.684	-29.591	74.855	-29.379
75.684	-29.591	74.360	-29.325
75.684	-29.591	74.110	-29.287
69.809	-27.119	73.265	-29.003
73.265	-29.003	72.666	-28.719
73.265	-29.003	71.871	-28.160
73.265	-29.003	71.110	-27.703
73.265	-29.003	72.639	-28.639
73.265	-29.003	72.192	-28.443
68.542	-26.751	69.809	-27.119
66.233	-26.074	68.542	-26.751
64.622	-24.107	66.233	-26.074
66.233	-26.074	66.123	-25.747
66.233	-26.074	67.046	-25.958
66.233	-26.074	66.766	-25.819
66.233	-26.074	67.237	-26.029
66.233	-26.074	67.597	-26.263
66.233	-26.074	67.991	-26.532
61.879	-20.927	64.622	-24.107
64.622	-24.107	63.377	-22.846
64.622	-24.107	61.957	-22.379
64.622	-24.107	62.632	-23.041
64.622	-24.107	63.341	-23.756
64.622	-24.107	63.947	-24.052
64.622	-24.107	65.877	-24.602
64.622	-24.107	66.150	-24.797
59.346	-19.352	61.879	-20.927
61.879	-20.927	60.686	-20.626
61.879	-20.927	60.375	-19.919
61.879	-20.927	60.506	-20.262
61.879	-20.927	61.427	-20.432
61.879	-20.927	61.850	-20.929
61.879	-20.927	62.092	-21.113
61.879	-20.927	61.854	-21.043
55.621	-15.909	59.346	-19.352
59.346	-19.352	59.550	-19.512
59.346	-19.352	60.619	-20.205
59.346	-19.352	61.299	-20.629
59.346	-19.352	62.058	-21.141
59.346	-19.352	62.451	-21.816
59.346	-19.352	60.316	-20.048
59.346	-19.352	60.235	-19.845
59.346	-19.352	59.686	-19.623
53.142	-15.765	55.621	-15.909
50.447	-11.330	53.142	-15.765
53.142	-15.765	52.457	-14.568
53.142	-15.765	53.849	-14.231
53.142	-15.765	55.385	-13.623
53.142	-15.765	57.054	-13.360
53.142	-15.765	56.537	-13.607
53.142	-15.765	59.349	-15.178
53.142	-15.765	55.525	-15.366
53.142	-15.765	54.089	-15.705
53.142	-15.765	54.423	-15.751
53.142	-15.765	54.991	-15.837
46.490	-6.183	50.447	-11.330
44.211	-3.558	46.490	-6.183
41.951	-3.133	44.211	-3.558
39.006	-1.536	41.951	-3.133
34.297	-1.632	39.006	-1.536
33.739	-1.588	34.297	-1.632
31.846	-1.886	33.739	-1.588
29.735	-1.270	31.846	-1.886
31.846	-1.886	31.972	-2.368
31.846	-1.886	32.299	-1.735
27.333	-1.041	29.735	-1.270
29.735	-1.270	29.338	-0.814
29.735	-1.270	29.511	-1.296
29.735	-1.270	30.233	-1.051
29.735	-1.270	30.681	-1.272
29.735	-1.270	30.413	-1.319
24.388	-2.838	27.333	-1.041
18.190	-1.847	24.388	-2.838
14.701	-1.047	18.190	-1.847
6.979	-0.534	14.701	-1.047
0.000	0.000	6.979	-0.534
