TRIP
DATE 2006-01-31 
DECLINATION     0.00
DATA
1.10	2.1	296.14	-18.63	17.064	>
2.1	2.2	36.20	-2.96	7.714	>
2.2	2.3	30.29	-2.96	10.714	>
2.3	2.4	32.43	-2.96	18.149	>
2.4	2.5	100.45	-2.96	9.698	>
2.5	2.6	88.89	-2.96	5.279	>
2.6	2.7	158.37	-6.10	5.414	>
2.7		347.08	-78.47	0.873	>
2.7		62.87	-14.11	1.587	>
2.7		87.13	-23.78	2.183	>
2.7		103.90	-34.42	2.436	>
2.7	2.8	94.89	-35.65	2.063	>
2.8	2.9	119.85	-16.49	1.628	>
2.9		11.18	8.37	0.453	>
2.9		137.53	19.29	0.254	>
2.9		37.41	68.74	0.354	>
2.9	2.10	70.06	-15.71	3.312	>
2.10		188.35	4.13	1.582	>
2.10		145.81	-6.36	1.237	>
2.10		105.37	-15.54	1.582	>
2.10		86.65	-16.52	1.625	>
2.10		216.22	12.47	1.546	>
2.10	2.11	94.29	-18.31	4.459	>
2.11		173.36	20.52	0.471	>
2.11		0.71	-8.30	1.053	>
2.11		314.18	5.81	1.581	>
2.11		276.46	13.41	0.384	>
2.11		263.27	17.62	1.451	>
2.11		236.77	16.03	1.014	>
2.10	3.1	166.93	-5.97	1.703	>
3.1		251.09	18.03	0.766	>
3.1		186.54	11.17	0.671	>
3.1		213.04	19.72	1.171	>
3.1		126.50	-6.07	1.058	>
3.1		223.96	20.74	2.160	>
3.1	3.2	145.11	-12.60	2.667	>
3.2		347.79	8.40	0.855	>
3.2		21.41	4.35	0.843	>
3.2		45.57	1.09	1.423	>
3.2		62.67	-3.70	1.272	>
3.2		70.15	-3.25	1.023	>
3.2		86.11	-8.34	1.193	>
3.2		59.74	-6.25	2.994	>
3.2		92.97	-12.43	1.580	>
3.2		295.96	20.13	1.258	>
3.2	3.3	292.93	20.83	1.296	>
3.3		244.06	17.26	1.621	>
3.3		215.41	14.46	1.390	>
3.3		149.15	-6.38	0.801	>
3.3		188.05	9.82	0.920	>
3.3	3.4	209.81	12.34	2.442	>
2.6	4.1	91.42	13.91	9.621	>
4.1		228.30	5.34	4.684	>
4.1		205.02	5.95	2.903	>
4.1		171.81	1.09	2.042	>
4.1		176.46	-78.49	1.869	>
4.1		60.66	87.89	3.765	>
4.1		120.03	52.40	4.176	>
4.1		126.49	26.21	5.579	>
4.1		131.19	-4.03	5.765	>
4.1		133.08	-35.24	3.881	>
4.1		131.03	1.61	5.965	>
4.1		131.61	5.65	7.516	>
4.1		131.52	4.29	8.196	>
4.1		180.97	60.16	1.773	>
4.1		272.14	68.38	1.961	>
4.1		150.48	15.36	1.736	>
4.1		148.93	-7.65	2.804	>
4.1		153.30	-18.10	2.887	>
4.1		284.11	60.06	2.243	>
4.1		104.34	16.23	2.132	>
4.1		119.96	4.52	3.974	>
4.1		133.24	-3.64	5.664	>
2.6	5.1	12.98	-0.86	4.538	>
5.1		134.31	13.96	2.682	>
5.1		102.34	16.88	1.677	>
5.1		70.68	9.45	1.833	>
5.1		51.21	10.28	1.893	>
5.1		291.59	23.29	4.818	>
5.1		309.65	23.21	0.421	>

PLAN
STATIONS
0.000	0.000	1.10
-14.516	7.123	2.1
-9.966	13.339	2.2
-4.570	22.578	2.3
5.149	37.877	2.4
14.673	36.120	2.5
19.944	36.222	2.6
21.928	31.218	2.7
23.598	31.075	2.8
24.952	30.298	2.9
27.949	31.385	2.10
32.170	31.068	2.11
28.332	29.735	3.1
29.821	27.600	3.2
28.705	28.072	3.3
27.519	26.002	3.4
29.280	35.990	4.1
20.963	40.644	5.1
SHOTS
19.944	36.222	20.963	40.644
20.963	40.644	22.825	38.826
20.963	40.644	22.531	40.301
20.963	40.644	22.669	41.242
20.963	40.644	22.415	41.811
20.963	40.644	16.848	42.272
20.963	40.644	20.665	40.891
19.944	36.222	29.280	35.990
29.280	35.990	25.798	32.888
29.280	35.990	28.059	33.374
29.280	35.990	29.571	33.969
29.280	35.990	29.303	35.618
29.280	35.990	29.401	36.058
29.280	35.990	31.486	34.715
29.280	35.990	33.304	33.014
29.280	35.990	33.608	32.203
29.280	35.990	31.595	33.825
29.280	35.990	33.778	32.076
29.280	35.990	34.872	31.023
29.280	35.990	35.399	30.572
29.280	35.990	29.265	35.108
29.280	35.990	28.558	36.017
29.280	35.990	30.105	34.533
29.280	35.990	30.714	33.610
29.280	35.990	30.513	33.538
29.280	35.990	28.194	36.263
29.280	35.990	31.263	35.483
29.280	35.990	32.712	34.012
29.280	35.990	33.398	32.118
28.705	28.072	27.519	26.002
29.821	27.600	28.705	28.072
28.705	28.072	27.313	27.395
28.705	28.072	27.925	26.975
28.705	28.072	29.113	27.389
28.705	28.072	28.578	27.174
28.332	29.735	29.821	27.600
29.821	27.600	29.642	28.427
29.821	27.600	30.128	28.383
29.821	27.600	30.837	28.596
29.821	27.600	30.949	28.183
29.821	27.600	30.782	27.947
29.821	27.600	30.999	27.680
29.821	27.600	32.392	29.100
29.821	27.600	31.362	27.520
29.821	27.600	28.759	28.117
27.949	31.385	28.332	29.735
28.332	29.735	27.643	29.499
28.332	29.735	28.257	29.081
28.332	29.735	27.731	28.811
28.332	29.735	29.178	29.109
28.332	29.735	26.930	28.281
27.949	31.385	32.170	31.068
32.170	31.068	32.221	30.630
32.170	31.068	32.183	32.110
32.170	31.068	31.042	32.164
32.170	31.068	31.799	31.110
32.170	31.068	30.797	30.906
32.170	31.068	31.355	30.534
24.952	30.298	27.949	31.385
27.949	31.385	27.720	29.824
27.949	31.385	28.640	30.368
27.949	31.385	29.419	30.981
27.949	31.385	29.504	31.476
27.949	31.385	27.057	30.167
23.598	31.075	24.952	30.298
24.952	30.298	25.039	30.738
24.952	30.298	25.114	30.121
24.952	30.298	25.030	30.400
21.928	31.218	23.598	31.075
19.944	36.222	21.928	31.218
21.928	31.218	21.889	31.388
21.928	31.218	23.298	31.920
21.928	31.218	23.923	31.318
21.928	31.218	23.879	30.735
14.673	36.120	19.944	36.222
5.149	37.877	14.673	36.120
-4.570	22.578	5.149	37.877
-9.966	13.339	-4.570	22.578
-14.516	7.123	-9.966	13.339
0.000	0.000	-14.516	7.123
POLYLINE GREEN
25.604	41.850
25.604	41.910
25.664	41.880
26.174	41.970
26.234	41.940
POLYLINE GREEN
25.604	41.820
25.484	41.550
25.544	41.520
25.724	41.580
25.814	41.370
25.694	41.250
25.514	41.250
POLYLINE GREEN
25.064	41.700
25.004	41.700
25.004	41.640
25.184	42.000
25.214	41.940
25.064	41.070
POLYLINE GREEN
24.404	41.730
24.554	41.940
24.614	41.880
24.554	41.670
24.704	41.550
24.584	41.280
24.464	41.280
24.374	41.400
POLYLINE GREEN
23.924	41.760
24.014	41.970
24.074	41.880
24.014	41.310
24.014	41.250
POLYLINE GREEN
20.654	40.620
20.894	40.440
POLYLINE GREEN
16.994	42.390
16.934	42.390
16.754	42.570
16.664	43.140
POLYLINE GREEN
20.444	40.830
20.894	40.620
21.104	40.890
POLYLINE GREEN
20.324	41.070
20.444	40.740
20.624	40.710
20.684	40.740
POLYLINE GREEN
16.994	42.330
16.964	42.420
17.444	42.210
17.504	42.240
17.744	42.180
17.864	42.180
17.984	42.240
18.044	42.180
18.164	42.210
18.584	42.120
18.704	42.180
19.454	42.060
19.484	42.000
19.544	42.030
19.604	41.970
19.664	42.000
20.114	41.610
20.204	41.460
20.384	40.950
20.354	40.830
POLYLINE GREEN
25.214	37.890
POLYLINE GREEN
24.914	37.890
24.854	37.650
POLYLINE GREEN
24.134	37.770
24.194	37.650
POLYLINE GREEN
23.594	37.830
23.534	37.650
POLYLINE GREEN
22.934	38.130
22.814	37.890
POLYLINE GREEN
22.574	38.850
22.334	38.490
POLYLINE GREEN
22.094	39.210
22.094	39.330
21.914	39.090
POLYLINE GREEN
21.614	39.570
21.614	39.690
21.434	39.450
POLYLINE GREEN
21.074	39.990
21.134	40.110
POLYLINE GREEN
25.094	37.890
25.154	38.010
25.394	37.830
25.874	37.770
POLYLINE GREEN
20.774	40.350
21.794	39.510
22.034	39.450
22.574	38.610
22.994	38.070
23.714	37.950
23.954	38.010
24.674	37.770
24.914	37.830
25.214	37.710
POLYLINE GREEN
21.254	41.850
21.074	41.670
POLYLINE GREEN
21.974	42.090
21.974	42.330
22.094	42.450
21.674	41.970
21.314	41.850
POLYLINE GREEN
22.394	41.790
22.334	42.270
22.694	42.810
POLYLINE GREEN
23.114	41.490
23.474	42.030
POLYLINE GREEN
22.274	41.670
22.274	41.790
22.154	41.910
22.274	42.030
22.394	41.970
22.454	42.090
22.574	42.030
22.934	42.330
POLYLINE GREEN
20.294	40.830
20.114	41.010
20.114	40.890
20.534	40.470
21.194	41.010
21.074	41.610
POLYLINE GREEN
28.694	37.110
28.214	37.530
28.094	37.470
27.854	37.590
27.134	37.710
26.774	37.650
25.994	37.950
25.874	37.890
25.394	38.070
25.154	38.010
23.354	38.790
22.874	39.450
22.814	40.290
23.054	40.650
22.934	41.250
23.054	41.670
POLYLINE GREEN
32.844	32.570
32.954	32.530
POLYLINE GREEN
31.554	33.430
31.584	33.360
31.684	33.250
32.124	32.920
32.434	32.710
32.664	32.630
POLYLINE GREEN
33.144	32.100
33.204	32.070
33.224	32.080
33.324	32.050
33.374	32.060
33.474	32.000
33.514	32.000
33.564	31.930
33.644	31.890
33.704	31.830
33.784	31.800
POLYLINE GREEN
32.269	33.740
32.089	33.890
31.984	34.025
POLYLINE GREEN
32.209	33.905
32.209	33.935
32.104	33.815
POLYLINE GREEN
32.614	33.635
32.614	33.665
32.449	33.905
32.359	33.965
32.254	34.160
32.134	34.265
31.864	34.370
31.639	34.355
31.594	34.130
31.789	33.830
31.984	33.620
32.014	33.620
32.074	33.530
32.224	33.440
32.464	33.410
32.509	33.470
32.524	33.605
32.464	33.815
POLYLINE GREEN
29.879	37.435
30.519	38.035
POLYLINE GREEN
30.079	37.235
30.359	37.475
30.079	37.635
POLYLINE GREEN
30.759	37.115
30.359	37.075
30.919	37.595
POLYLINE GREEN
31.079	36.595
30.999	36.555
30.759	36.595
30.759	36.675
30.999	36.795
30.999	36.915
30.919	37.035
31.119	37.155
31.279	37.115
31.279	36.875
POLYLINE GREEN
31.599	36.355
31.199	36.235
31.759	36.795
POLYLINE GREEN
24.599	31.855
24.479	31.695
POLYLINE GREEN
24.679	31.895
24.499	31.735
POLYLINE GREEN
25.909	32.875
25.849	32.875
25.729	32.725
POLYLINE GREEN
24.109	31.645
24.079	31.945
23.839	32.005
23.599	31.975
23.239	32.065
23.209	32.005
POLYLINE GREEN
25.429	32.125
25.249	32.095
25.189	31.885
25.069	32.215
24.769	32.065
24.769	32.005
24.589	31.795
POLYLINE GREEN
25.789	32.635
25.729	32.635
25.729	32.425
25.639	32.185
POLYLINE GREEN
30.949	35.605
30.769	35.605
30.289	35.725
29.989	35.755
29.389	36.025
29.329	35.995
28.939	36.355
28.759	36.955
POLYLINE GREEN
33.229	34.705
32.719	34.465
POLYLINE GREEN
32.959	34.645
33.079	34.315
POLYLINE GREEN
32.269	33.505
POLYLINE GREEN
33.109	32.245
33.109	32.245
32.899	32.335
POLYLINE GREEN
33.199	32.455
33.019	32.515
POLYLINE GREEN
33.349	32.605
33.169	32.755
POLYLINE GREEN
33.499	32.755
33.199	32.965
33.109	32.965
POLYLINE GREEN
33.409	32.875
33.529	32.905
33.559	32.845
33.349	32.635
33.259	32.425
33.199	32.425
33.079	32.245
33.049	32.035
POLYLINE GREEN
33.319	33.115
33.499	32.725
33.049	32.215
POLYLINE GREEN
34.489	31.645
34.459	31.495
POLYLINE GREEN
33.799	32.365
33.799	32.455
34.219	31.825
POLYLINE GREEN
33.409	32.875
33.679	32.605
POLYLINE GREEN
29.839	36.055
29.779	36.175
29.299	36.325
28.759	36.805
28.549	37.405
POLYLINE GREEN
29.899	33.775
29.629	33.895
POLYLINE GREEN
31.159	33.235
31.699	32.515
32.059	32.425
32.629	32.125
32.749	32.095
33.049	32.125
33.139	32.095
POLYLINE GREEN
30.829	33.235
30.799	33.385
30.949	33.505
31.159	33.145
POLYLINE GREEN
29.869	33.655
29.869	33.745
30.229	33.655
30.739	33.385
POLYLINE GREEN
33.259	33.055
33.259	33.115
33.439	32.995
POLYLINE GREEN
32.959	33.445
32.959	33.505
33.019	33.505
33.169	33.235
33.289	33.175
POLYLINE GREEN
29.569	36.235
29.629	36.235
30.139	35.965
30.589	35.845
31.009	35.605
31.339	35.395
31.909	34.915
32.149	34.585
32.599	34.045
32.659	33.925
32.719	33.925
32.899	33.595
POLYLINE GREEN
25.969	32.845
25.969	32.905
25.759	32.725
25.609	32.395
POLYLINE GREEN
25.939	32.845
26.449	33.025
26.629	33.115
26.749	33.085
26.869	33.145
27.229	33.115
27.499	33.205
27.619	33.175
27.919	33.295
28.279	33.445
28.399	33.505
28.459	33.505
29.089	33.805
29.149	33.805
29.509	33.985
29.689	33.985
POLYLINE BLACK
27.929	25.925
27.909	25.905
POLYLINE BLACK
27.939	25.705
27.859	25.655
27.839	25.675
27.879	25.765
POLYLINE BLACK
27.859	26.055
27.889	25.965
POLYLINE BLACK
27.869	26.215
27.849	26.175
27.809	26.025
27.729	26.165
POLYLINE BLACK
27.639	26.365
27.539	26.305
27.409	26.295
27.389	26.305
POLYLINE BLACK
27.659	25.875
27.669	25.855
27.509	26.005
27.449	26.045
27.369	26.065
27.349	26.095
POLYLINE BLACK
27.669	26.395
27.649	26.375
POLYLINE BLACK
27.949	26.405
27.799	26.155
POLYLINE BLACK
28.569	27.145
28.329	27.025
28.219	26.885
28.119	26.695
27.869	26.375
POLYLINE BLACK
27.929	27.005
27.939	26.985
27.869	26.855
27.699	26.535
27.549	26.315
POLYLINE BLACK
29.159	27.465
29.079	27.375
28.959	27.305
28.919	27.305
28.899	27.285
28.859	27.295
28.699	27.255
28.679	27.235
28.659	27.245
28.619	27.205
28.599	27.215
28.539	27.175
28.539	27.155
POLYLINE BLACK
28.709	28.025
28.689	28.035
28.609	28.015
28.589	28.025
28.509	28.005
28.409	28.015
28.389	28.005
28.369	28.015
28.289	27.975
28.129	27.945
27.989	27.885
27.959	27.845
27.939	27.855
27.779	27.795
27.679	27.715
27.639	27.725
27.599	27.685
27.579	27.695
27.359	27.545
27.299	27.445
27.339	27.355
27.669	27.135
27.749	27.075
27.769	27.085
27.949	26.985
POLYLINE BLACK
28.699	28.025
28.749	28.065
28.759	28.105
28.839	28.225
28.859	28.345
28.829	28.585
28.839	28.695
28.809	28.855
28.819	28.895
28.769	29.035
POLYLINE BLACK
31.819	33.095
POLYLINE BLACK
31.819	32.835
31.789	32.795
31.769	32.805
31.819	32.935
31.789	32.935
POLYLINE BLACK
32.529	32.655
32.519	32.615
POLYLINE BLACK
32.569	32.395
32.519	32.335
32.489	32.385
32.529	32.475
POLYLINE BLACK
32.559	30.005
32.569	29.985
POLYLINE BLACK
32.639	29.815
32.579	29.735
32.569	29.775
32.599	29.875
32.539	29.855
POLYLINE BLACK
32.619	29.005
32.599	28.965
POLYLINE BLACK
32.659	28.755
32.669	28.735
32.629	28.675
32.589	28.655
32.569	28.765
32.619	28.875
32.589	28.855
POLYLINE BLACK
31.729	27.605
31.709	27.555
POLYLINE BLACK
31.779	27.285
31.679	27.275
31.689	27.365
31.719	27.405
31.699	27.395
POLYLINE BLACK
32.269	29.155
32.349	29.185
32.389	29.155
POLYLINE BLACK
29.169	27.565
29.129	27.455
29.139	27.415
POLYLINE BLACK
28.839	28.175
28.829	28.155
POLYLINE BLACK
28.809	28.155
28.809	28.155
28.809	28.155
POLYLINE BLACK
29.839	27.625
29.789	27.665
29.669	27.625
29.649	27.635
29.529	27.615
29.479	27.645
29.339	27.675
29.259	27.645
29.129	27.525
POLYLINE BLACK
29.869	27.605
29.889	27.615
29.809	27.625
29.709	27.605
POLYLINE BLACK
31.109	27.705
31.309	27.605
31.379	27.545
31.439	27.535
POLYLINE BLACK
29.849	27.615
29.909	27.585
29.929	27.585
29.939	27.565
30.059	27.535
30.079	27.545
30.179	27.525
30.219	27.505
30.499	27.465
30.519	27.475
30.639	27.455
30.729	27.465
30.789	27.445
30.849	27.455
30.949	27.435
30.969	27.445
31.029	27.425
31.069	27.435
31.089	27.425
31.169	27.435
31.229	27.425
31.249	27.405
31.459	27.385
POLYLINE BLACK
30.959	27.725
POLYLINE BLACK
30.919	27.785
31.019	27.725
31.149	27.675
POLYLINE BLACK
30.799	28.555
30.919	28.595
30.939	28.585
31.199	28.655
31.249	28.645
31.349	28.685
31.599	28.805
31.969	29.055
32.129	29.115
32.259	29.205
POLYLINE BLACK
30.879	28.115
31.019	28.225
31.399	28.435
31.439	28.435
31.569	28.535
31.799	28.655
31.969	28.795
32.029	28.815
32.189	28.915
32.379	29.005
POLYLINE BLACK
30.889	28.200
30.889	28.230
POLYLINE BLACK
31.024	28.215
30.919	28.215
30.814	28.095
30.769	28.005
30.859	27.840
30.979	27.660
POLYLINE BLACK
29.134	29.100
29.119	29.130
29.299	28.875
29.389	28.725
29.584	28.455
29.584	28.410
29.824	28.350
29.854	28.365
29.914	28.350
29.944	28.365
30.034	28.350
30.304	28.380
30.364	28.425
30.394	28.410
30.484	28.455
30.604	28.485
30.679	28.545
30.814	28.575
30.904	28.560
POLYLINE BLACK
27.004	28.545
26.974	28.485
POLYLINE BLACK
27.124	28.425
27.004	28.350
POLYLINE BLACK
27.124	28.440
27.034	28.365
POLYLINE BLACK
27.169	28.500
27.169	28.470
27.019	28.395
POLYLINE BLACK
27.604	29.505
27.514	29.400
27.424	29.220
27.229	29.085
27.124	29.010
27.004	28.725
26.989	28.575
26.959	28.545
26.959	28.470
26.914	28.410
POLYLINE BLACK
28.009	29.070
27.859	28.980
27.724	28.830
27.604	28.785
27.349	28.575
27.139	28.410
POLYLINE BLACK
28.744	29.085
28.744	29.055
28.819	28.920
28.849	28.860
POLYLINE BLACK
28.774	30.060
28.804	29.775
28.894	29.595
29.119	29.205
29.179	29.070
POLYLINE BLACK
27.499	29.340
27.484	29.295
27.394	29.235
27.364	29.250
POLYLINE BLACK
25.294	30.270
25.639	30.420
25.834	30.465
25.864	30.450
26.209	30.555
26.509	30.600
26.659	30.540
26.779	30.495
27.019	30.330
27.094	30.180
27.319	30.135
27.424	30.075
27.454	30.075
27.574	30.000
27.694	29.910
27.739	29.745
27.739	29.715
27.634	29.505
27.469	29.355
27.439	29.340
POLYLINE BLACK
30.064	34.740
POLYLINE BLACK
27.964	29.025
27.934	29.055
27.919	29.025
28.009	29.070
28.039	29.070
28.084	29.100
28.204	29.115
28.234	29.100
28.264	29.115
28.324	29.085
28.474	29.145
28.729	29.085
28.759	29.085
POLYLINE BLACK
28.654	29.475
28.564	29.430
28.444	29.475
POLYLINE BLACK
28.579	29.565
28.579	29.565
28.609	29.580
28.624	29.550
28.579	29.490
POLYLINE BLACK
28.504	29.700
28.534	29.700
28.609	29.625
28.639	29.625
POLYLINE BLACK
28.549	29.655
28.564	29.610
28.564	29.655
28.444	29.760
28.414	29.760
28.354	29.670
28.429	29.415
POLYLINE BLACK
28.684	30.480
28.699	30.225
28.774	30.000
POLYLINE BLACK
31.769	32.285
31.729	32.285
31.709	32.365
31.869	32.685
POLYLINE BLACK
31.209	32.125
31.189	32.165
31.329	32.385
31.589	32.625
31.649	32.705
POLYLINE BLACK
31.969	32.185
31.909	32.225
31.789	32.245
31.669	32.325
31.649	32.405
31.809	32.665
POLYLINE BLACK
32.169	32.025
32.369	32.225
32.249	32.165
32.129	31.885
POLYLINE BLACK
31.989	32.125
31.989	32.165
32.349	32.405
POLYLINE BLACK
32.249	31.845
32.149	31.925
32.149	32.045
32.289	32.165
POLYLINE BLACK
32.289	30.405
32.309	30.445
32.449	30.245
POLYLINE BLACK
31.409	30.585
31.569	30.525
31.969	30.245
32.209	30.125
32.229	30.085
POLYLINE BLACK
32.269	32.005
32.289	31.505
32.249	31.405
32.189	31.125
32.269	30.785
32.289	30.625
32.389	30.465
POLYLINE BLACK
31.349	30.545
31.349	30.605
31.529	30.585
POLYLINE BLACK
31.009	30.825
31.349	30.665
31.369	30.625
POLYLINE BLACK
30.889	30.885
31.089	30.865
POLYLINE BLACK
30.649	31.365
31.009	31.425
31.109	31.685
31.029	31.845
31.149	32.085
31.189	32.125
POLYLINE BLACK
29.469	31.485
29.769	31.465
29.849	31.405
29.929	31.425
30.329	31.365
30.469	31.325
30.509	31.345
30.549	31.325
30.669	31.365
POLYLINE BLACK
28.729	30.445
28.709	30.565
28.789	30.665
29.049	30.845
29.569	31.005
29.649	30.965
29.689	30.985
29.989	30.945
30.069	30.985
30.309	30.925
30.389	30.945
30.709	30.905
30.749	30.865
30.809	30.885
30.969	30.805
POLYLINE BLACK
25.010	30.720
25.250	30.820
25.370	30.840
25.690	30.980
25.730	30.960
26.070	31.220
26.390	31.360
26.590	31.480
26.670	31.460
26.830	31.480
26.870	31.460
26.930	31.500
27.090	31.520
27.170	31.500
27.330	31.540
27.830	31.460
27.950	31.440
28.310	31.740
28.430	31.720
28.510	31.760
28.710	31.700
28.750	31.720
29.210	31.600
29.250	31.600
29.290	31.560
29.410	31.560
29.570	31.520
POLYLINE BLACK
25.170	30.160
25.170	30.220
25.250	30.320
POLYLINE BLACK
23.930	31.280
23.970	31.280
24.530	30.880
24.610	30.860
24.930	30.680
25.010	30.720
POLYLINE BLACK
23.750	30.800
23.790	30.800
23.810	30.760
23.930	30.800
24.370	30.480
24.410	30.500
25.010	30.140
25.050	30.160
25.090	30.140
25.150	30.220
POLYLINE BROWN
21.890	31.080
21.870	31.160
21.870	31.160
21.730	30.860
POLYLINE BROWN
23.290	32.000
23.090	32.140
23.010	32.300
POLYLINE BROWN
23.230	32.020
23.530	31.620
23.630	31.560
23.850	31.360
23.970	31.320
POLYLINE BROWN
23.590	30.260
23.450	30.440
23.230	30.700
22.830	30.840
22.750	30.880
22.710	30.860
22.370	31.060
22.290	31.040
21.910	31.140
21.790	31.140
POLYLINE BROWN
23.950	30.780
23.970	30.820
23.850	30.800
23.810	30.840
23.730	30.820
23.690	30.840
23.590	30.780
23.630	30.620
23.790	30.440
23.850	30.360

ELEVATION
STATIONS
0.000	0.000	1.10
16.169	-5.451	2.1
23.872	-5.849	2.2
34.572	-6.402	2.3
52.697	-7.339	2.4
62.382	-7.840	2.5
67.654	-8.113	2.6
73.037	-8.688	2.7
74.714	-9.890	2.8
76.275	-10.352	2.9
79.463	-11.249	2.10
83.696	-12.650	2.11
81.157	-11.426	3.1
83.760	-12.008	3.2
84.972	-11.547	3.3
87.358	-11.025	3.4
76.993	-5.800	4.1
72.192	-8.181	5.1
SHOTS
67.654	-8.113	72.192	-8.181
72.192	-8.181	70.837	-7.534
72.192	-8.181	72.208	-7.694
72.192	-8.181	73.156	-7.880
72.192	-8.181	73.654	-7.843
72.192	-8.181	72.856	-6.276
72.192	-8.181	72.366	-8.015
67.654	-8.113	76.993	-5.800
76.993	-5.800	73.593	-5.364
76.993	-5.800	75.841	-5.499
76.993	-5.800	77.337	-5.761
76.993	-5.800	77.025	-7.631
76.993	-5.800	77.112	-2.038
76.993	-5.800	79.231	-2.491
76.993	-5.800	81.093	-3.336
76.993	-5.800	81.418	-6.205
76.993	-5.800	79.363	-8.039
76.993	-5.800	81.591	-5.632
76.993	-5.800	82.712	-5.060
76.993	-5.800	83.251	-5.187
76.993	-5.800	77.001	-4.262
76.993	-5.800	76.271	-3.977
76.993	-5.800	77.855	-5.340
76.993	-5.800	78.488	-6.173
76.993	-5.800	78.289	-6.697
76.993	-5.800	75.900	-3.856
76.993	-5.800	78.988	-5.204
76.993	-5.800	80.475	-5.487
76.993	-5.800	81.210	-6.160
84.972	-11.547	87.358	-11.025
83.760	-12.008	84.972	-11.547
84.972	-11.547	86.437	-11.066
84.972	-11.547	86.311	-11.200
84.972	-11.547	84.602	-11.636
84.972	-11.547	85.814	-11.390
81.157	-11.426	83.760	-12.008
83.760	-12.008	82.979	-11.883
83.760	-12.008	83.293	-11.944
83.760	-12.008	83.524	-11.981
83.760	-12.008	83.760	-12.090
83.760	-12.008	83.760	-12.066
83.760	-12.008	83.760	-12.181
83.760	-12.008	83.760	-12.334
83.760	-12.008	83.760	-12.348
83.760	-12.008	84.939	-11.575
79.463	-11.249	81.157	-11.426
81.157	-11.426	81.099	-11.189
81.157	-11.426	81.654	-11.296
81.157	-11.426	81.682	-11.031
81.157	-11.426	82.154	-11.538
81.157	-11.426	81.820	-10.661
79.463	-11.249	83.696	-12.650
83.696	-12.650	83.780	-12.485
83.696	-12.650	83.629	-12.802
83.696	-12.650	82.486	-12.490
83.696	-12.650	83.323	-12.561
83.696	-12.650	82.339	-12.211
83.696	-12.650	82.924	-12.370
76.275	-10.352	79.463	-11.249
79.463	-11.249	78.923	-11.135
79.463	-11.249	80.140	-11.386
79.463	-11.249	80.959	-11.673
79.463	-11.249	81.006	-11.711
79.463	-11.249	78.210	-10.915
74.714	-9.890	76.275	-10.352
76.275	-10.352	76.349	-10.286
76.275	-10.352	76.425	-10.268
76.275	-10.352	76.382	-10.022
73.037	-8.688	74.714	-9.890
67.654	-8.113	73.037	-8.688
73.037	-8.688	72.865	-9.543
73.037	-8.688	74.261	-9.075
73.037	-8.688	75.016	-9.568
73.037	-8.688	75.021	-10.065
62.382	-7.840	67.654	-8.113
52.697	-7.339	62.382	-7.840
34.572	-6.402	52.697	-7.339
23.872	-5.849	34.572	-6.402
16.169	-5.451	23.872	-5.849
0.000	0.000	16.169	-5.451
POLYLINE BLACK
76.943	-7.879
76.883	-7.819
76.583	-7.879
76.163	-7.879
75.803	-7.939
75.413	-8.089
POLYLINE BLACK
77.183	-1.969
76.103	-1.639
75.893	-1.489
POLYLINE BLACK
78.143	-3.889
78.113	-3.709
78.053	-3.709
77.873	-3.409
POLYLINE BLACK
78.563	-4.639
78.593	-4.729
78.113	-3.769
POLYLINE BLACK
77.123	-3.289
77.123	-3.169
77.123	-3.169
77.363	-3.769
77.453	-4.159
POLYLINE BLACK
77.153	-3.319
POLYLINE BLACK
76.283	-3.049
76.343	-2.989
76.403	-3.019
76.523	-2.989
76.733	-3.019
76.763	-3.079
76.823	-3.049
77.063	-3.169
POLYLINE BLACK
75.863	-3.889
75.803	-3.529
75.923	-3.019
76.223	-3.079
POLYLINE BLACK
75.863	-3.919
POLYLINE BLACK
76.133	-3.799
76.073	-3.769
75.833	-3.889
POLYLINE BLACK
79.553	-7.159
79.553	-7.099
79.763	-7.399
POLYLINE BLACK
79.223	-6.139
79.193	-6.319
79.313	-6.649
79.463	-6.829
POLYLINE BLACK
79.103	-6.079
79.103	-6.019
79.163	-6.049
POLYLINE BLACK
79.073	-5.689
79.073	-5.749
POLYLINE BLACK
78.683	-4.759
79.013	-5.539
POLYLINE BLACK
76.193	-3.889
76.163	-3.829
76.283	-3.859
76.703	-4.159
77.063	-4.129
77.183	-4.189
77.243	-4.159
77.363	-4.219
77.663	-4.339
78.083	-4.609
78.803	-4.819
POLYLINE BLACK
82.733	-5.329
82.853	-5.329
POLYLINE BLACK
82.613	-5.299
82.583	-5.059
82.823	-5.059
82.943	-5.119
83.123	-5.119
83.183	-5.179
POLYLINE BLACK
82.733	-5.269
82.733	-5.119
82.343	-4.849
82.103	-4.849
81.803	-4.699
81.383	-3.889
81.083	-3.499
81.023	-3.349
POLYLINE BLACK
81.503	-5.689
81.503	-5.629
81.623	-5.599
81.863	-5.509
81.923	-5.539
81.923	-5.479
82.823	-5.359
POLYLINE BLACK
77.873	-7.969
77.783	-7.819
77.423	-7.819
77.243	-7.759
77.123	-7.789
77.063	-7.759
77.003	-7.789
POLYLINE BLACK
81.263	-7.399
81.323	-7.399
81.503	-7.789
POLYLINE BLACK
77.813	-8.029
78.473	-7.879
78.803	-7.849
79.343	-8.029
79.523	-7.969
79.583	-7.999
80.063	-7.939
80.873	-8.239
81.113	-8.149
81.173	-8.179
81.233	-8.119
81.563	-8.119
POLYLINE BLACK
81.413	-5.779
81.383	-5.779
81.263	-7.609
POLYLINE BLACK
77.003	-2.029
77.273	-2.029
78.203	-2.209
78.503	-2.179
78.623	-2.209
78.803	-2.179
79.193	-2.299
79.403	-2.449
79.733	-2.539
80.333	-2.959
81.053	-3.409
POLYLINE BLACK
73.363	-8.589
73.443	-8.529
73.583	-8.549
74.203	-8.929
74.883	-9.409
75.383	-9.749
75.623	-9.869
75.703	-9.869
75.863	-9.969
76.223	-10.129
76.343	-10.149
76.923	-10.309
77.443	-10.489
77.523	-10.529
77.703	-10.529
77.743	-10.569
77.783	-10.549
77.903	-10.609
78.163	-10.669
78.523	-10.849
78.783	-10.929
79.663	-11.229
80.283	-11.409
POLYLINE BLACK
72.843	-9.429
73.263	-9.469
73.763	-9.709
74.003	-9.809
74.143	-9.829
74.723	-10.049
74.763	-10.089
74.803	-10.069
75.603	-10.269
75.683	-10.269
75.963	-10.389
76.043	-10.389
76.823	-10.629
77.343	-10.809
77.503	-10.829
78.203	-10.929
78.403	-11.009
78.563	-11.109
78.843	-11.169
78.923	-11.229
79.143	-11.249
79.783	-11.549
79.863	-11.549
79.943	-11.609
80.023	-11.589
80.783	-11.769
80.883	-11.829
