TRIP
DATE 2008-09-02 
DECLINATION     0.00
DATA
1.0		26.67	-1.91	0.990	>
1.0		79.21	0.36	0.630	>
1.0		342.04	-1.75	0.720	>
1.0	1.1	355.18	-80.74	3.030	>
1.1		89.19	4.01	1.700	>
1.1		60.45	4.39	0.940	>
1.1		126.78	-7.94	0.789	>
1.1		80.93	36.95	1.500	>
1.1	1.2	88.44	-31.89	2.126	>
1.2		296.82	14.81	0.520	>
1.2		32.58	2.29	1.050	>
1.2		353.16	-0.95	0.840	>
1.2	1.3	331.03	-62.32	1.653	>
1.3		217.14	-54.44	0.880	>
1.3		254.00	-50.65	2.180	>
1.3		230.05	-84.08	2.490	>
1.3	1.4	298.64	-53.50	2.136	>
1.4		326.73	10.65	0.849	>
1.4		96.67	85.22	0.930	>
1.4		149.65	19.37	1.580	>
1.4	1.5	148.52	-24.99	2.019	>
1.5		266.82	-14.61	2.910	>
1.5		180.64	-4.97	0.900	>
1.5		316.47	6.72	1.000	>
1.5	1.6	276.61	-8.68	1.836	>
1.6		120.67	-60.69	0.969	>
1.6		29.57	-32.20	1.319	>
1.6	1.7	143.13	-80.62	4.543	>
1.7	1.8	335.47	14.24	1.183	>
1.8		309.62	-40.56	1.340	>
1.8		44.46	-65.31	1.620	>
1.8	1.9	299.12	-14.12	3.297	>
1.8	1.10	335.71	-71.38	3.206	>
1.8	1.11	63.33	-11.69	2.812	>
1.11		306.79	8.27	1.001	>
1.11		328.83	5.12	2.900	>
1.11		11.05	-42.18	0.859	>
1.11	1.12	355.77	2.47	2.160	>
1.12		128.53	54.36	0.970	>
1.12		78.94	79.07	1.870	>
1.12		255.05	47.41	0.899	>
1.12		245.46	14.96	1.391	>
1.12	1.13	97.46	26.24	3.133	>
1.13		211.04	73.68	1.940	>
1.13		298.37	-58.36	0.570	>
1.13		270.72	6.99	1.850	>
1.13	1.14	20.90	-12.97	2.459	>
1.14	1.15	21.76	-48.14	1.536	>
1.15	1.16	341.87	-41.51	1.613	>
1.14	1.17	359.76	66.44	1.756	>
1.17	1.18	134.80	-1.11	1.190	>
1.18	1.19	148.29	69.03	2.966	>
1.13	1.20	254.54	50.62	2.690	>
1.20	1.21	300.33	-0.18	1.616	>
1.21	1.22	90.08	-78.47	3.497	>
1.22	1.12	281.75	1.54	0.560	>
1.22		354.15	17.68	1.380	>
1.22		244.75	15.67	1.400	>
1.22		101.02	28.16	3.210	>
1.9	1.23	106.19	-46.92	2.279	>
1.23	1.10	95.18	-33.22	1.006	>

PLAN
STATIONS
-0.041	0.486	1.1
1.763	0.535	1.2
1.391	1.207	1.3
0.276	1.816	1.4
1.232	0.255	1.5
-0.571	0.464	1.6
-0.127	-0.128	1.7
-0.603	0.915	1.8
-3.396	2.471	1.9
-1.063	1.961	1.10
1.858	2.151	1.11
1.596	4.412	1.12
4.485	3.938	1.13
5.340	6.177	1.14
5.720	7.129	1.15
5.344	8.277	1.16
5.337	6.879	1.17
6.181	6.041	1.18
6.739	5.138	1.19
2.840	3.483	1.20
1.445	4.299	1.21
2.144	4.298	1.22
-1.901	2.037	1.23
SHOTS
-1.901	2.037	-1.063	1.961
-3.396	2.471	-1.901	2.037
2.144	4.298	1.596	4.412
1.445	4.299	2.144	4.298
2.144	4.298	2.010	5.606
2.144	4.298	0.925	3.723
2.144	4.298	4.922	3.757
2.840	3.483	1.445	4.299
4.485	3.938	2.840	3.483
6.181	6.041	6.739	5.138
5.337	6.879	6.181	6.041
5.340	6.177	5.337	6.879
5.720	7.129	5.344	8.277
5.340	6.177	5.720	7.129
4.485	3.938	5.340	6.177
1.699	4.303	4.485	3.938
4.485	3.938	4.204	3.471
4.485	3.938	4.222	4.080
4.485	3.938	2.649	3.961
1.858	2.151	1.699	4.303
1.699	4.303	2.141	3.951
1.699	4.303	2.047	4.371
1.699	4.303	1.111	4.146
1.699	4.303	0.477	3.745
-0.603	0.915	1.858	2.151
1.858	2.151	1.065	2.744
1.858	2.151	0.363	4.622
1.858	2.151	1.980	2.776
-0.603	0.915	-1.024	1.848
-0.603	0.915	-3.396	2.471
-0.127	-0.128	-0.603	0.915
-0.603	0.915	-1.387	1.564
-0.603	0.915	-0.129	1.398
-0.571	0.464	-0.127	-0.128
1.232	0.255	-0.571	0.464
-0.571	0.464	-0.163	0.222
-0.571	0.464	-0.020	1.435
0.276	1.816	1.232	0.255
1.232	0.255	-1.580	0.099
1.232	0.255	1.222	-0.642
1.232	0.255	0.548	0.975
1.391	1.207	0.276	1.816
0.276	1.816	-0.182	2.514
0.276	1.816	0.353	1.807
0.276	1.816	1.029	0.530
1.763	0.535	1.391	1.207
1.391	1.207	1.082	0.799
1.391	1.207	0.062	0.826
1.391	1.207	1.194	1.042
-0.041	0.486	1.763	0.535
1.763	0.535	1.314	0.762
1.763	0.535	2.328	1.419
1.763	0.535	1.663	1.369
0.000	0.000	-0.041	0.486
-0.041	0.486	1.655	0.510
-0.041	0.486	0.774	0.948
-0.041	0.486	0.585	0.018
-0.041	0.486	1.143	0.675
POLYLINE BLUE
2.013	2.755
2.003	2.775
1.953	2.585
1.953	2.305
1.963	2.285
1.913	2.145
1.893	2.115
1.873	2.125
1.793	2.075
POLYLINE BLUE
1.143	4.175
1.123	4.075
1.143	3.965
1.163	3.905
1.193	3.675
1.163	3.505
1.173	3.365
1.193	3.175
1.133	2.815
1.093	2.715
POLYLINE BLUE
2.083	3.955
1.963	3.775
1.943	3.615
1.953	3.435
1.983	2.815
1.973	2.715
POLYLINE BLUE
3.913	3.535
3.913	3.555
3.833	3.555
3.643	3.605
3.523	3.615
3.353	3.645
3.193	3.665
3.043	3.685
2.973	3.685
2.893	3.715
2.833	3.715
2.633	3.855
2.323	3.955
2.263	3.965
2.243	3.975
2.183	3.965
2.163	3.975
2.103	3.955
2.083	3.975
2.033	3.935
POLYLINE BLUE
3.873	4.155
3.773	4.555
3.593	4.755
3.473	4.915
3.223	4.995
3.023	5.035
2.913	5.085
2.713	5.235
2.513	5.305
2.413	5.385
2.343	5.465
2.143	5.585
2.113	5.635
2.033	5.625
1.963	5.585
1.873	5.505
1.793	5.285
1.523	4.915
1.363	4.725
1.193	4.295
1.133	4.195
POLYLINE BLUE
4.143	4.135
3.993	4.195
3.943	4.225
3.853	4.445
POLYLINE BLUE
6.643	6.055
6.613	6.025
6.683	6.135
6.693	6.115
6.673	5.945
6.813	6.085
6.823	6.065
6.783	5.935
6.923	6.035
6.823	5.795
6.973	5.925
6.903	5.705
7.113	5.855
7.083	5.765
POLYLINE BLUE
7.283	5.665
5.783	6.485
POLYLINE BLUE
5.693	6.305
5.713	6.395
5.853	6.585
5.873	6.555
POLYLINE BLUE
5.933	6.345
5.953	6.295
6.033	6.235
POLYLINE BLUE
5.893	6.215
5.953	6.195
POLYLINE BLUE
5.813	6.165
5.903	6.165
5.963	6.115
POLYLINE BLUE
5.923	6.025
5.923	6.095
5.973	6.195
6.043	6.265
POLYLINE BLUE
6.283	6.015
6.323	5.915
POLYLINE BLUE
6.233	5.865
6.233	5.845
POLYLINE BLUE
6.153	5.795
6.173	5.785
POLYLINE BLUE
6.173	5.615
6.203	5.805
6.293	5.895
POLYLINE BLUE
6.673	5.055
6.673	5.035
6.683	5.055
POLYLINE BLUE
6.673	5.485
6.693	5.325
6.753	5.205
6.793	5.185
POLYLINE BLUE
6.613	5.025
6.693	5.035
POLYLINE BLUE
6.473	5.195
6.473	5.215
6.553	5.105
POLYLINE BLUE
6.513	5.255
6.493	5.265
6.593	5.335
6.593	5.355
6.643	5.415
6.563	5.535
6.473	5.775
POLYLINE BLUE
6.673	5.385
POLYLINE BLUE
6.593	5.445
POLYLINE BLUE
6.433	5.725
6.493	5.575
POLYLINE BLUE
6.443	5.695
6.453	5.765
6.393	5.735
6.353	5.615
6.343	5.545
6.333	5.505
6.433	5.385
6.483	5.275
POLYLINE BLUE
6.223	5.575
6.263	5.465
6.373	5.365
6.463	5.195
POLYLINE BLUE
6.233	6.245
6.243	6.195
6.443	5.835
6.443	5.815
6.503	5.805
6.603	5.675
6.653	5.545
6.693	5.505
POLYLINE BLUE
5.913	6.005
5.913	6.025
5.973	6.015
5.983	5.985
6.043	5.965
6.103	5.845
6.133	5.745
6.123	5.695
6.133	5.605
6.153	5.585
POLYLINE BLUE
5.603	6.855
5.603	6.875
5.583	6.815
5.753	6.715
5.883	6.605
5.923	6.435
6.023	6.375
6.113	6.265
6.133	6.245
POLYLINE BLUE
5.443	6.205
5.473	6.335
5.573	6.365
5.813	6.095
5.883	6.055
POLYLINE BLUE
5.263	6.355
5.253	6.395
5.283	6.645
5.273	6.895
5.313	6.915
5.333	6.915
5.363	6.895
5.423	6.885
POLYLINE BLUE
5.533	8.015
5.563	7.945
POLYLINE BLUE
5.393	7.925
5.463	7.855
POLYLINE BLUE
5.463	7.755
5.453	7.785
5.533	7.885
5.663	7.945
5.683	7.945
POLYLINE BLUE
5.693	7.485
5.723	7.435
POLYLINE BLUE
5.653	7.345
5.653	7.365
5.693	7.325
POLYLINE BLUE
5.653	7.255
5.643	7.235
5.673	7.315
5.793	7.395
POLYLINE BLUE
5.523	7.635
5.523	7.675
5.503	7.675
5.423	7.725
5.393	7.815
5.303	7.965
5.243	8.125
5.303	8.335
POLYLINE BLUE
5.683	7.555
5.683	7.575
5.703	7.605
5.633	7.795
5.623	7.935
5.603	8.005
5.613	8.045
5.603	8.105
5.623	8.145
5.623	8.205
5.553	8.305
5.533	8.305
5.403	8.395
POLYLINE BLUE
5.753	7.555
5.683	7.695
5.663	7.805
5.663	7.865
POLYLINE BLUE
5.543	6.965
5.613	7.115
5.603	7.305
5.583	7.425
5.533	7.535
5.523	7.605
5.513	7.665
5.523	7.685
POLYLINE BLUE
5.793	7.175
5.813	7.255
5.803	7.315
5.673	7.565
5.653	7.615
POLYLINE BLUE
5.393	5.725
5.383	5.745
5.343	5.535
5.323	5.365
5.223	5.115
5.183	5.055
5.003	4.835
4.713	4.245
4.613	4.085
4.573	4.045
POLYLINE BLUE
4.243	4.085
4.383	4.415
4.593	4.705
4.693	4.825
4.783	4.985
4.883	5.255
4.933	5.435
4.943	5.605
4.953	5.665
POLYLINE BLUE
4.903	5.575
4.933	5.715
4.943	5.865
4.933	5.885
4.953	6.075
4.983	6.215
5.083	6.365
5.293	6.525
5.353	6.595
5.373	6.595
5.373	6.615
5.473	6.765
5.473	6.785
5.523	6.895
5.533	6.935
POLYLINE BLUE
5.363	5.695
5.323	5.795
5.383	6.055
5.413	6.225
5.603	6.555
5.673	6.675
5.713	6.805
5.783	7.105
POLYLINE BLUE
1.683	4.295
1.693	4.365
1.633	4.235
1.683	4.225
1.773	4.165
1.773	4.185
1.843	4.325
1.783	4.345
1.743	4.395
POLYLINE BLUE
1.643	4.395
POLYLINE BLUE
4.523	3.895
4.523	3.895
4.463	3.735
4.383	3.515
4.303	3.535
4.283	3.495
4.083	3.555
3.923	3.535
POLYLINE BLUE
-7.197	11.175
-7.357	11.815
POLYLINE BLACK
0.323	-0.945
0.343	-0.955
POLYLINE BLACK
0.323	-0.955
0.323	-0.935
POLYLINE BLACK
0.323	-0.985
0.323	-0.955
POLYLINE BLACK
0.323	-0.975
0.313	-0.925
0.323	-0.945
POLYLINE BLACK
0.313	-0.965
POLYLINE BLACK
0.353	-1.055
0.323	-0.955
POLYLINE BLACK
0.313	-0.935
POLYLINE BLACK
0.313	-0.945
0.323	-0.925
POLYLINE BLACK
0.323	-0.975
0.313	-0.935
POLYLINE BLACK
0.313	-0.955
0.353	-1.005
POLYLINE BLACK
0.303	-0.935
0.303	-0.965
POLYLINE GREEN
-1.587	-0.095
-1.637	0.145
-1.627	0.315
-1.597	0.375
POLYLINE GREEN
1.183	-0.625
1.093	-0.635
1.033	-0.665
0.893	-0.655
0.383	-0.555
0.243	-0.505
-0.027	-0.495
-0.107	-0.505
-0.607	-0.435
-0.937	-0.355
-1.287	-0.285
-1.297	-0.265
POLYLINE GREEN
-0.437	0.865
POLYLINE GREEN
0.643	1.415
0.643	1.435
0.573	1.435
0.173	1.995
0.063	2.115
0.053	2.145
0.263	1.525
0.143	1.345
0.153	0.785
0.013	0.775
-0.367	0.825
-0.427	0.855
POLYLINE GREEN
0.433	1.285
0.443	1.305
POLYLINE GREEN
-0.867	2.265
-0.867	2.245
POLYLINE GREEN
0.573	1.955
0.573	1.875
0.533	1.975
POLYLINE GREEN
-0.307	1.595
-0.277	1.645
-0.157	1.665
-0.097	1.735
POLYLINE GREEN
-0.957	1.385
-0.957	1.405
-0.967	1.365
-0.937	1.305
-0.957	1.385
POLYLINE GREEN
-0.967	1.385
-1.007	1.525
-0.937	1.505
-0.027	1.055
0.533	0.665
0.223	0.925
0.553	0.695
0.233	0.915
0.813	0.515
0.033	1.035
POLYLINE GREEN
-0.997	1.525
POLYLINE GREEN
-1.007	0.855
-0.967	0.895
-0.867	0.925
-0.827	1.015
POLYLINE GREEN
1.503	0.255
1.543	0.115
1.453	-0.185
1.433	-0.285
1.333	-0.505
1.253	-0.615
1.173	-0.595
1.153	-0.605
POLYLINE GREEN
0.273	1.355
0.503	1.135
0.563	0.905
0.603	0.685
0.713	0.555
1.023	0.225
1.043	0.225
1.113	0.155
1.133	0.095
POLYLINE GREEN
0.893	1.715
1.023	1.495
1.113	1.415
1.143	1.375
1.153	1.155
1.143	1.135
1.223	0.855
1.343	0.635
1.353	0.525
1.373	0.535
1.483	0.405
1.553	0.195
POLYLINE BLACK
1.283	0.365
1.283	0.385
1.253	0.285
1.393	0.205
POLYLINE GRAY
-0.357	2.035
-0.347	2.015
-0.357	2.045
-0.357	1.985
-0.257	1.805
-0.237	1.715
-0.147	1.575
-0.097	1.365
0.023	1.155
0.043	0.985
0.073	0.895
POLYLINE GRAY
-0.357	2.045
-0.347	1.955
POLYLINE GRAY
0.293	2.515
0.263	2.595
0.203	2.635
-0.017	2.585
-0.187	2.455
-0.207	2.415
-0.227	2.415
-0.247	2.375
-0.257	2.395
-0.357	2.085
-0.367	2.045
POLYLINE GRAY
0.773	1.755
0.753	1.825
0.623	1.935
0.603	1.995
0.503	2.155
0.503	2.185
0.353	2.295
0.253	2.565
POLYLINE GRAY
0.363	1.745
0.353	1.795
0.553	1.405
POLYLINE GRAY
0.183	1.755
0.283	1.775
0.323	1.775
0.383	1.805
0.373	1.975
0.343	1.805
0.513	1.835
0.583	1.825
0.603	1.835
POLYLINE GRAY
0.263	1.835
0.263	1.905
0.093	1.765
0.083	1.745
0.413	1.455
0.493	1.425
0.513	1.425
0.543	1.385
0.553	1.745
0.533	1.865
0.473	1.905
0.433	1.905
0.313	1.975
0.313	1.955
POLYLINE GRAY
1.493	1.245
1.493	1.265
1.513	1.275
1.373	1.325
1.233	1.395
0.983	1.615
0.933	1.675
0.763	1.755
0.703	1.765
0.483	1.905
POLYLINE GRAY
1.243	0.825
1.203	0.855
1.043	0.785
1.023	0.795
1.003	0.785
0.983	0.805
0.963	0.795
0.853	0.865
0.833	0.855
0.753	0.885
0.713	0.865
0.633	0.875
0.573	0.865
0.513	0.875
0.393	0.855
0.313	0.845
0.253	0.815
0.093	0.825
0.083	0.915
0.123	1.055
0.193	1.205
0.203	1.265
0.273	1.325
0.283	1.365
0.163	1.485
POLYLINE BLACK
1.313	0.835
1.213	0.805
1.133	0.825
POLYLINE BLACK
-0.457	0.525
-0.437	0.545
POLYLINE BLACK
1.863	0.955
POLYLINE BLACK
1.923	0.715
1.893	0.915
1.873	0.985
POLYLINE BLACK
1.253	0.695
1.243	0.675
1.273	0.555
1.523	0.505
POLYLINE BLACK
1.263	0.285
1.203	0.405
1.213	0.425
1.493	0.455
1.503	0.335
POLYLINE BLACK
1.463	0.545
1.483	0.555
POLYLINE BLACK
1.523	0.445
1.553	0.475
POLYLINE BLACK
1.573	0.365
1.593	0.365
POLYLINE BLACK
1.573	0.275
1.423	0.575
1.363	0.655
POLYLINE BLACK
1.703	0.945
1.683	1.025
1.733	0.975
1.703	1.025
1.693	1.005
1.713	0.985
POLYLINE BLACK
1.563	0.885
1.573	0.865
1.553	0.905
1.553	0.885
1.553	0.925
1.593	0.875
1.593	0.895
1.603	0.875
POLYLINE BLACK
1.793	1.015
1.793	1.035
1.713	1.075
1.713	1.075
1.733	1.115
1.733	1.095
1.753	1.095
1.783	1.055
POLYLINE BLACK
1.593	1.205
1.603	1.145
1.613	1.205
1.623	1.145
1.633	1.205
1.603	1.145
1.603	1.185
POLYLINE BLACK
1.423	1.165
1.453	1.125
1.413	1.145
1.463	1.105
1.473	1.125
1.463	1.145
1.463	1.115
POLYLINE BLACK
1.343	0.985
1.343	1.005
1.433	0.995
1.343	1.055
1.343	1.035
1.403	0.985
1.343	0.995
1.383	1.025
1.323	1.025
POLYLINE BLACK
1.393	0.815
1.383	0.795
1.393	0.825
1.313	0.885
1.403	0.895
1.433	0.855
1.363	0.855
1.383	0.845
POLYLINE BLACK
1.323	1.005
1.293	1.055
1.283	1.025
1.313	0.865
1.353	0.795
1.373	0.795
1.413	0.745
1.583	0.865
1.623	0.925
1.643	0.915
1.703	0.945
1.743	0.935
1.773	1.025
1.723	1.225
1.583	1.205
1.543	1.215
1.483	1.205
1.463	1.215
1.303	1.085
POLYLINE BLACK
1.403	1.195
1.353	1.275
1.323	1.305
1.233	1.135
1.223	0.985
1.253	0.865
1.263	0.825
1.363	0.755
POLYLINE BLACK
1.653	1.345
1.653	1.345
1.613	1.295
1.573	1.285
1.513	1.235
1.493	1.255
1.453	1.235
1.413	1.235
POLYLINE BLACK
1.403	0.735
1.353	0.795
1.363	0.815
POLYLINE BLACK
1.553	0.675
1.503	0.715
1.443	0.725
1.403	0.755
1.373	0.785
1.373	0.785
POLYLINE BLACK
1.813	0.505
1.843	0.595
2.013	0.715
2.093	0.785
2.223	1.015
2.343	1.415
2.243	1.455
2.183	1.445
2.163	1.425
2.123	1.445
2.093	1.415
2.073	1.425
1.993	1.395
1.953	1.405
1.913	1.385
1.853	1.405
1.813	1.385
1.773	1.395
1.713	1.355
1.713	1.355
POLYLINE BLACK
1.173	0.715
1.173	0.715
1.323	0.685
1.343	0.695
1.363	0.685
1.463	0.695
1.543	0.665
1.563	0.665
POLYLINE BLACK
0.863	0.095
0.933	0.145
0.953	0.135
1.153	0.255
1.373	0.285
1.393	0.275
1.473	0.285
1.513	0.265
1.553	0.275
1.613	0.245
1.713	0.255
1.783	0.335
1.803	0.465
1.793	0.515
1.813	0.575
POLYLINE BLACK
-0.040	0.480
-0.050	0.440
0.040	0.350
0.060	0.160
0.120	0.110
0.300	0.050
0.360	0.040
0.440	0.000
0.460	0.010
0.520	0.000
0.560	0.010
0.580	-0.010
0.610	0.010
0.870	0.080
0.890	0.070
0.910	0.080
POLYLINE BLACK
0.450	0.890
0.390	0.870
0.410	0.860
0.520	0.910
0.630	0.930
0.710	0.910
0.750	0.930
0.860	0.860
0.910	0.800
0.990	0.790
1.010	0.800
1.130	0.730
POLYLINE BLACK
-0.090	0.490
0.070	0.640
0.170	0.760
0.190	0.760
0.220	0.800
0.380	0.870
0.400	0.870
POLYLINE BLACK
0.040	0.010
0.040	0.030
0.020	0.030
-0.100	0.160
-0.180	0.330
-0.200	0.480
-0.210	0.540
-0.160	0.730
-0.010	0.900
0.110	0.950
0.310	0.980
0.350	0.970
0.410	0.980
0.510	0.950
0.560	0.900
0.670	0.820
0.740	0.730
0.800	0.540
0.810	0.420
0.770	0.290
0.670	0.120
0.630	0.080
0.570	0.070
0.470	0.020
0.390	0.000
0.350	0.010
0.330	0.000
0.270	0.020
0.230	0.000
0.210	0.010
0.190	0.000
0.040	0.030

ELEVATION
STATIONS
0.488	-2.990	1.1
2.293	-4.113	1.2
3.061	-5.577	1.3
4.332	-7.294	1.4
6.163	-8.147	1.5
7.978	-8.424	1.6
8.718	-12.906	1.7
9.865	-12.615	1.8
13.062	-13.419	1.9
15.460	-15.635	1.10
12.620	-13.185	1.11
22.170	-13.044	1.12
17.588	-11.707	1.13
19.985	-12.259	1.14
21.010	-13.403	1.15
22.218	-14.472	1.16
20.687	-10.649	1.17
21.877	-10.672	1.18
22.938	-7.902	1.19
19.295	-9.628	1.20
20.911	-9.633	1.21
21.610	-13.059	1.22
14.619	-15.084	1.23
SHOTS
14.619	-15.084	15.460	-15.635
13.062	-13.419	14.619	-15.084
21.610	-13.059	22.170	-13.044
20.911	-9.633	21.610	-13.059
21.610	-13.059	21.471	-12.640
21.610	-13.059	20.392	-12.681
21.610	-13.059	24.389	-11.544
19.295	-9.628	20.911	-9.633
17.588	-11.707	19.295	-9.628
21.877	-10.672	22.938	-7.902
20.687	-10.649	21.877	-10.672
19.985	-12.259	20.687	-10.649
21.010	-13.403	22.218	-14.472
19.985	-12.259	21.010	-13.403
17.588	-11.707	19.985	-12.259
14.778	-13.092	17.588	-11.707
17.588	-11.707	17.145	-9.845
17.588	-11.707	17.308	-12.192
17.588	-11.707	15.765	-11.482
12.620	-13.185	14.778	-13.092
14.778	-13.092	15.005	-12.304
14.778	-13.092	15.114	-11.256
14.778	-13.092	14.187	-12.430
14.778	-13.092	13.375	-12.733
9.865	-12.615	12.620	-13.185
12.620	-13.185	12.852	-13.041
12.620	-13.185	15.193	-12.926
12.620	-13.185	13.234	-13.762
9.865	-12.615	10.888	-15.653
9.865	-12.615	13.062	-13.419
8.718	-12.906	9.865	-12.615
9.865	-12.615	10.865	-13.486
9.865	-12.615	9.892	-14.087
7.978	-8.424	8.718	-12.906
6.163	-8.147	7.978	-8.424
7.978	-8.424	8.011	-9.269
7.978	-8.424	6.065	-9.127
4.332	-7.294	6.163	-8.147
6.163	-8.147	8.938	-8.881
6.163	-8.147	7.335	-8.225
6.163	-8.147	5.192	-8.030
3.061	-5.577	4.332	-7.294
4.332	-7.294	4.332	-7.137
4.332	-7.294	4.259	-6.367
4.332	-7.294	5.821	-6.770
2.293	-4.113	3.061	-5.577
3.061	-5.577	2.968	-6.293
3.061	-5.577	3.959	-7.263
3.061	-5.577	3.091	-8.054
0.488	-2.990	2.293	-4.113
2.293	-4.113	2.199	-3.980
2.293	-4.113	3.670	-4.071
2.293	-4.113	3.178	-4.127
0.000	0.000	0.488	-2.990
0.488	-2.990	2.183	-2.871
0.488	-2.990	1.394	-2.918
0.488	-2.990	0.673	-3.099
0.488	-2.990	1.676	-2.088
POLYLINE BLACK
12.008	-15.158
12.068	-15.178
POLYLINE BLACK
14.008	-15.338
12.688	-15.118
12.388	-15.098
12.348	-15.118
12.168	-15.098
12.008	-15.138
11.968	-15.118
12.068	-14.958
11.968	-15.098
12.288	-15.258
POLYLINE BLACK
14.428	-14.248
14.428	-14.248
14.558	-14.368
14.648	-14.518
14.808	-14.678
POLYLINE BLACK
14.018	-13.898
14.188	-13.968
14.248	-14.018
14.298	-14.108
14.318	-14.108
14.328	-14.138
POLYLINE BLACK
14.278	-14.078
14.398	-14.188
14.428	-14.248
POLYLINE BLACK
13.068	-12.998
13.068	-12.998
13.158	-13.008
13.278	-12.988
13.368	-13.038
13.428	-13.138
13.498	-13.238
13.558	-13.338
13.718	-13.438
13.808	-13.698
13.808	-13.718
13.848	-13.748
13.888	-13.828
13.968	-13.848
14.018	-13.908
POLYLINE BLACK
14.158	-15.008
14.178	-15.008
14.268	-15.058
14.408	-15.068
14.448	-15.058
14.538	-15.108
POLYLINE BLACK
14.458	-15.098
14.578	-15.178
POLYLINE BLACK
12.758	-13.598
12.778	-13.628
12.998	-13.728
13.208	-13.918
13.248	-14.018
13.258	-14.128
13.318	-14.138
13.448	-14.308
13.528	-14.478
13.608	-14.548
13.648	-14.558
13.808	-14.728
13.878	-14.898
14.028	-14.998
14.118	-15.018
14.138	-15.008
14.178	-15.028
POLYLINE GREEN
19.288	-8.918
18.408	-8.438
17.888	-8.318
16.568	-8.478
16.088	-8.838
15.248	-9.998
14.848	-10.878
14.888	-10.198
14.888	-10.798
15.368	-10.598
15.688	-10.318
15.648	-10.438
POLYLINE GREEN
19.488	-9.998
19.848	-9.758
20.328	-9.878
20.448	-9.838
20.608	-9.878
20.768	-10.918
21.088	-11.638
21.128	-12.078
POLYLINE GREEN
21.248	-8.998
21.168	-9.398
21.208	-9.598
21.248	-9.518
21.448	-10.198
21.648	-11.598
POLYLINE GREEN
19.288	-9.558
19.288	-9.478
19.928	-9.238
20.088	-9.158
20.248	-9.198
20.568	-9.078
20.728	-9.078
20.928	-8.758
POLYLINE BLUE
26.598	-12.158
POLYLINE BLUE
24.678	-10.478
24.678	-10.328
24.618	-10.328
POLYLINE BLUE
23.598	-6.698
23.568	-6.638
23.598	-6.578
POLYLINE BLUE
23.388	-5.858
23.478	-5.798
23.448	-5.978
23.358	-6.278
23.598	-6.158
POLYLINE BLUE
23.178	-7.148
23.178	-7.148
23.088	-7.628
23.388	-7.538
23.538	-7.178
POLYLINE BLUE
22.368	-8.108
22.578	-7.748
22.698	-7.418
22.908	-6.968
POLYLINE BLUE
23.358	-8.768
23.478	-8.318
23.358	-8.258
23.298	-8.288
23.268	-8.228
23.388	-7.508
23.388	-7.388
POLYLINE BLUE
22.428	-8.408
22.188	-8.918
22.218	-8.978
22.278	-8.948
22.698	-9.248
23.058	-8.798
23.088	-8.738
22.848	-8.468
22.638	-8.318
22.638	-8.258
POLYLINE BLUE
20.808	-10.418
20.928	-10.388
21.258	-10.148
21.408	-9.758
21.738	-9.398
22.188	-8.228
POLYLINE BLUE
21.378	-13.028
20.898	-12.488
20.838	-12.488
20.628	-12.188
20.598	-12.068
20.838	-11.318
21.018	-10.988
21.858	-10.718
21.918	-10.718
22.278	-10.388
22.458	-10.178
22.668	-9.908
22.818	-9.578
23.148	-9.188
23.358	-8.828
POLYLINE BLUE
19.758	-11.768
19.728	-11.708
19.728	-11.768
19.908	-11.648
19.968	-11.678
20.058	-11.468
20.298	-11.138
20.568	-10.658
20.688	-10.598
POLYLINE BLUE
19.428	-11.678
19.668	-11.768
19.548	-11.708
19.338	-11.648
POLYLINE BLUE
18.288	-11.438
19.218	-11.618
POLYLINE BLUE
25.098	-8.318
25.098	-8.258
POLYLINE BLUE
21.768	-13.418
21.468	-13.358
21.258	-13.028
21.258	-12.908
POLYLINE BLUE
21.738	-13.568
21.618	-13.568
22.098	-13.238
POLYLINE BLUE
22.308	-13.118
POLYLINE BLUE
22.518	-14.498
22.338	-14.078
22.248	-13.568
22.278	-13.388
POLYLINE BLUE
21.498	-14.258
21.558	-14.438
21.798	-14.558
21.978	-14.558
22.158	-14.678
POLYLINE BLUE
19.878	-12.518
19.848	-12.458
20.328	-12.968
20.568	-13.328
21.018	-13.688
21.018	-13.808
21.258	-14.078
21.408	-14.138
21.408	-14.198
21.588	-14.588
POLYLINE BLUE
19.938	-12.578
POLYLINE BLUE
15.898	-11.388
16.138	-10.788
16.218	-10.328
16.178	-9.988
POLYLINE BLUE
17.858	-9.968
17.858	-9.928
17.658	-9.928
17.478	-10.028
17.438	-10.028
17.338	-10.088
17.258	-10.088
17.258	-10.088
17.098	-10.168
17.058	-10.148
17.018	-10.168
16.778	-9.768
POLYLINE BLUE
18.038	-11.428
18.078	-11.388
18.058	-11.048
18.158	-10.748
18.118	-10.628
18.138	-10.508
18.098	-10.428
18.098	-10.308
18.038	-10.168
18.058	-10.088
17.978	-9.848
17.858	-9.868
17.778	-9.888
POLYLINE BLUE
15.138	-12.128
15.158	-12.168
15.358	-12.148
15.398	-12.168
15.478	-12.068
15.758	-11.528
15.818	-11.408
POLYLINE BLUE
17.438	-12.188
17.578	-12.088
17.658	-12.108
17.698	-12.088
17.778	-12.128
17.818	-12.128
17.858	-12.168
18.418	-12.228
18.538	-12.208
18.738	-12.268
18.838	-12.248
19.198	-12.328
19.238	-12.308
19.238	-12.348
19.258	-12.308
19.298	-12.328
19.378	-12.308
19.798	-12.348
POLYLINE BLUE
15.158	-13.448
15.118	-13.448
15.478	-13.108
15.758	-12.868
16.078	-12.748
16.178	-12.688
16.318	-12.648
16.618	-12.408
16.658	-12.408
17.138	-12.148
17.298	-12.128
17.418	-12.168
17.438	-12.128
POLYLINE BLUE
13.903	-13.628
14.068	-13.568
14.563	-13.478
14.983	-13.523
15.013	-13.538
15.073	-13.493
POLYLINE BLUE
15.013	-11.453
15.013	-11.453
15.058	-11.783
14.998	-12.008
15.013	-12.053
14.998	-12.113
15.043	-12.173
POLYLINE BLUE
14.698	-12.098
14.713	-11.993
14.743	-11.873
14.773	-11.648
POLYLINE BLUE
14.698	-12.098
POLYLINE BLUE
14.488	-11.333
14.488	-11.333
14.518	-11.513
14.578	-11.813
14.593	-11.948
14.578	-12.038
14.623	-12.173
14.623	-12.203
14.653	-12.218
14.683	-12.173
POLYLINE BLUE
13.663	-12.863
13.753	-12.848
13.918	-12.863
14.248	-12.758
14.278	-12.773
14.338	-12.608
14.368	-12.368
14.338	-12.368
14.323	-12.278
14.323	-12.308
14.353	-12.218
14.338	-12.188
14.368	-12.128
14.323	-12.038
14.323	-11.753
14.278	-11.663
14.293	-11.303
POLYLINE BLUE
14.728	-13.163
14.878	-13.193
14.968	-13.343
15.013	-13.463
POLYLINE BLUE
14.698	-13.133
14.698	-13.103
14.668	-13.118
14.608	-13.103
14.473	-13.148
14.308	-13.163
14.173	-13.208
14.143	-13.193
14.128	-13.253
13.978	-13.433
13.903	-13.628
POLYLINE BLUE
10.918	-13.508
10.903	-13.478
11.383	-13.523
11.413	-13.508
11.638	-13.553
11.773	-13.628
11.908	-13.643
11.998	-13.613
12.028	-13.628
12.058	-13.598
12.238	-13.583
12.493	-13.703
12.583	-13.703
12.643	-13.733
12.673	-13.703
12.778	-13.718
12.838	-13.688
12.868	-13.718
13.273	-13.778
13.393	-13.733
13.678	-13.658
13.798	-13.703
POLYLINE BLUE
10.228	-12.503
10.213	-12.488
10.303	-12.473
10.843	-12.608
11.098	-12.623
11.143	-12.608
11.293	-12.638
12.028	-12.683
12.478	-12.818
12.763	-12.923
12.853	-12.908
12.928	-12.953
12.988	-12.953
13.048	-13.013
13.048	-12.983
13.138	-12.998
13.198	-12.968
13.363	-12.953
13.633	-12.938
POLYLINE BLUE
14.683	-14.153
14.803	-14.303
14.728	-14.258
14.713	-14.213
POLYLINE BLACK
10.123	-14.723
10.123	-14.663
10.363	-15.083
POLYLINE BLACK
9.343	-13.883
9.463	-13.883
9.673	-14.153
9.673	-14.243
9.733	-14.243
10.063	-14.633
10.153	-14.783
POLYLINE BLACK
12.463	-12.263
12.583	-12.293
12.763	-12.533
12.943	-12.983
13.003	-13.013
POLYLINE BLACK
11.683	-13.343
11.983	-13.403
12.163	-13.493
12.223	-13.463
12.523	-13.553
12.523	-13.613
12.553	-13.553
12.733	-13.643
POLYLINE BLACK
10.963	-14.183
10.873	-13.493
11.053	-13.523
11.473	-13.193
11.713	-13.433
11.773	-13.433
11.803	-13.373
11.833	-13.433
POLYLINE BLACK
10.303	-15.083
10.543	-15.443
10.753	-15.623
10.753	-15.683
POLYLINE BLACK
10.933	-14.123
11.233	-14.663
11.413	-15.083
11.353	-15.083
11.383	-15.143
POLYLINE BLACK
10.063	-12.383
10.183	-12.443
10.333	-12.353
10.453	-12.413
10.513	-12.383
10.663	-12.473
10.963	-12.473
11.083	-12.533
11.233	-12.473
11.293	-12.503
11.353	-12.473
11.413	-12.503
11.623	-12.383
11.683	-12.413
11.713	-12.353
11.833	-12.383
11.893	-12.353
11.953	-12.383
12.523	-12.263
POLYLINE BLACK
11.413	-8.963
11.563	-9.143
11.593	-9.233
11.353	-9.713
10.993	-9.953
10.933	-9.953
10.633	-10.103
10.273	-10.193
10.033	-10.523
9.973	-11.153
9.823	-11.843
9.763	-12.323
9.823	-12.323
9.943	-12.503
10.063	-12.503
POLYLINE BLACK
9.013	-13.613
9.253	-13.823
POLYLINE BLACK
8.503	-12.923
8.683	-12.893
8.923	-12.923
8.983	-13.463
POLYLINE BLACK
8.953	-8.993
8.953	-8.933
8.563	-9.113
8.443	-9.293
8.833	-9.623
9.013	-9.773
9.043	-9.893
9.283	-9.833
9.583	-9.743
9.733	-9.593
9.553	-9.233
9.553	-9.173
9.343	-8.873
9.223	-8.813
9.163	-8.843
POLYLINE BLACK
8.683	-8.273
8.743	-8.213
8.983	-8.273
9.103	-8.243
9.913	-8.453
10.033	-8.543
10.873	-8.723
11.113	-8.843
11.173	-8.813
11.443	-9.083
11.503	-9.083
POLYLINE BLACK
7.333	-8.603
7.393	-8.663
7.453	-8.633
7.843	-8.873
7.873	-9.053
8.023	-9.353
8.083	-10.823
8.293	-12.533
8.293	-12.623
POLYLINE BLACK
6.113	-8.113
6.353	-8.293
6.573	-8.453
7.273	-8.673
POLYLINE BLACK
7.933	-8.313
8.133	-8.333
8.473	-8.293
8.553	-8.333
8.593	-8.313
8.633	-8.333
POLYLINE BLACK
5.993	-6.813
6.193	-7.033
6.673	-7.353
6.813	-7.373
7.433	-7.853
7.733	-8.113
7.973	-8.373
POLYLINE BLACK
4.253	-6.173
4.233	-6.133
4.553	-6.253
4.953	-6.353
5.433	-6.573
5.693	-6.633
5.973	-6.813
POLYLINE BLACK
3.433	-8.133
3.593	-8.073
3.633	-8.093
3.913	-8.033
4.093	-8.073
4.173	-8.073
4.293	-8.133
4.333	-8.113
4.453	-8.193
4.493	-8.173
4.613	-8.193
4.893	-8.153
4.973	-8.173
5.013	-8.153
5.093	-8.173
5.413	-8.093
5.553	-8.113
5.713	-8.093
5.993	-8.133
6.033	-8.153
6.073	-8.113
6.133	-8.173
POLYLINE BLACK
3.553	-5.793
4.113	-6.093
4.373	-6.453
POLYLINE BLACK
4.393	-7.333
4.393	-7.293
4.613	-7.453
4.693	-7.453
4.653	-7.473
4.573	-7.353
4.493	-7.353
4.633	-7.593
POLYLINE BLACK
3.913	-7.533
3.893	-7.493
3.833	-7.553
4.113	-7.373
4.193	-7.353
4.293	-7.293
4.333	-7.293
POLYLINE BLACK
3.133	-5.493
3.133	-5.453
3.233	-5.653
3.233	-5.693
3.513	-5.853
POLYLINE BLACK
2.773	-5.433
2.773	-5.433
2.813	-5.593
2.833	-5.853
2.813	-6.293
2.913	-6.793
2.973	-7.453
2.993	-7.773
3.053	-8.033
3.213	-8.133
3.253	-8.153
3.293	-8.133
3.333	-8.153
3.373	-8.133
3.453	-8.153
POLYLINE BLACK
1.833	-3.953
1.833	-3.913
1.493	-3.973
1.413	-3.953
1.333	-3.973
1.293	-3.953
1.213	-3.973
1.173	-3.953
0.713	-4.013
0.633	-4.013
0.473	-4.053
0.273	-4.093
0.273	-4.133
0.313	-4.133
0.453	-4.213
0.493	-4.213
0.713	-4.353
1.233	-4.413
1.273	-4.393
1.673	-4.593
1.773	-4.593
2.073	-4.853
2.133	-4.953
2.513	-5.213
2.813	-5.473
2.833	-5.513
POLYLINE BLACK
2.293	-3.533
2.273	-3.493
2.293	-3.713
2.653	-4.033
2.853	-4.053
2.993	-4.253
3.053	-4.633
3.033	-4.953
3.133	-5.373
3.133	-5.493
POLYLINE BLACK
0.233	-2.853
0.213	-3.233
0.233	-3.353
0.253	-3.313
0.833	-3.853
0.993	-3.893
1.033	-3.933
1.193	-3.913
1.413	-4.033
1.453	-4.013
1.593	-4.113
1.673	-4.113
1.793	-4.173
1.893	-4.153
2.213	-4.313
POLYLINE BLACK
1.213	-1.973
1.373	-1.993
1.573	-2.013
1.613	-1.993
1.853	-2.273
2.033	-2.413
2.233	-2.833
2.193	-3.073
2.233	-3.293
2.213	-3.533
POLYLINE BLACK
0.133	-2.053
0.313	-2.073
0.793	-2.013
1.113	-2.033
POLYLINE BLACK
0.953	-0.073
0.953	-0.073
0.993	-1.093
1.073	-2.093
POLYLINE BLACK
0.113	0.027
0.113	0.027
0.073	-0.913
0.113	-1.853
0.133	-2.193
0.113	-2.233
0.153	-2.833
