TRIP
DATE 2006-08-12 
DECLINATION     0.00
DATA
1.45	2.1	2.53	-22.51	1.494	>
2.1		99.09	55.38	0.401	>
2.1		216.78	33.44	0.622	>
2.1		168.33	32.39	0.773	>
2.1		169.83	77.58	1.054	>
2.2	2.1	112.83	-42.84	1.431	>
2.2		216.32	5.06	1.439	>
2.2		288.17	-69.18	1.327	>
2.2		344.18	-67.48	1.322	>
2.2	2.3	279.02	-63.84	0.781	>
2.3		8.23	-16.09	0.880	>
2.3		55.36	-15.14	0.643	>
2.3		358.06	-37.95	0.636	>
2.3		24.97	-10.31	1.587	>
2.3		36.38	-8.87	2.159	>
2.3	2.4	8.15	-70.61	2.592	>
2.4		104.53	55.69	0.403	>
2.4		32.11	20.63	0.613	>
2.4		355.96	10.56	1.474	>
2.4		333.97	14.82	1.247	>
2.4		326.32	10.34	1.325	>
2.4		305.05	6.29	2.253	>
2.4		288.22	11.21	2.732	>
2.4		291.46	20.10	1.231	>
2.4		298.62	12.45	2.031	>
2.4		217.34	26.43	1.541	>
2.4		237.10	22.23	1.927	>
2.4		262.09	20.66	2.253	>
2.4		183.62	27.48	0.964	>
2.4		246.82	11.16	1.359	>
2.4		266.46	9.79	2.053	>
2.4		286.15	-2.87	1.498	>
2.4	2.5	346.42	2.79	0.576	>
2.5	2.6	263.08	9.45	2.449	>
2.6		159.04	-6.37	0.397	>
2.6		191.26	-4.20	0.724	>
2.6		240.92	8.85	0.793	>
2.6		291.24	35.54	1.089	>
2.6		3.44	43.84	0.439	>
2.6		320.14	39.62	1.270	>
2.6		300.02	34.85	1.437	>
2.6		188.52	-31.64	1.014	>
2.6		165.83	-41.24	1.244	>
2.6		309.98	69.34	1.535	>
2.6		117.97	72.88	1.115	>
2.6		118.21	43.16	0.896	>
2.6		271.31	81.55	2.688	>
2.6	2.7	209.77	4.32	3.015	>
2.7		32.84	-0.06	0.916	>
2.7		47.15	2.46	1.489	>
2.7		1.85	-1.56	1.580	>
2.7		9.34	1.69	1.085	>
2.7		349.74	5.41	1.443	>
2.7		345.88	8.67	1.293	>
2.7		335.90	11.39	0.922	>
2.7		298.29	13.07	0.747	>
2.7		89.64	4.14	0.484	>
2.7		63.81	-16.36	1.136	>
2.7		66.82	-38.29	0.618	>
2.7		46.26	-44.49	0.588	>
2.7		16.99	66.01	0.463	>
2.7		47.33	17.61	1.002	>
2.7	2.8	351.40	6.35	1.501	>
2.8		36.17	8.18	0.330	>
2.8		327.71	-18.41	0.921	>
2.8		8.76	-60.46	0.813	>
2.8		352.52	53.66	0.376	>
2.8		314.54	-0.83	1.242	>
2.8		313.96	-26.74	1.576	>
2.8	2.9	309.86	-3.24	1.857	>
2.9		183.74	-4.93	0.384	>
2.9		249.73	-42.93	0.351	>
2.9		233.03	59.33	0.645	>
2.9		262.25	28.58	0.600	>
2.9		208.00	17.58	0.467	>
2.9		240.45	16.36	1.076	>
2.9	2.10	232.36	22.43	1.612	>
2.10		106.24	-22.45	0.526	>
2.10		155.04	-13.18	0.443	>
2.10		37.90	-35.35	0.477	>
2.10		176.35	2.45	0.912	>
2.10		207.12	6.96	0.652	>
2.10		259.26	-80.06	0.342	>
2.10		356.24	-15.24	0.506	>
2.10		314.64	5.48	0.911	>
2.10		278.63	9.47	0.723	>
2.10		255.83	12.76	0.838	>
2.10		226.41	40.36	0.794	>
2.10	2.11	332.38	1.54	2.645	>
2.11		206.70	-3.04	0.377	>
2.11		169.47	-77.23	0.520	>
2.11		172.45	77.85	0.398	>
2.11		166.01	1.38	0.873	>
2.11		261.71	4.22	0.612	>
2.11		274.20	1.36	1.351	>
2.11		290.15	2.46	1.470	>
2.11	2.12	296.97	6.26	2.119	>
2.12		135.70	-2.20	1.563	>
2.12		104.74	-71.81	0.629	>
2.12		105.42	58.19	0.342	>
2.12		61.94	-1.73	0.430	>
2.10	2.13	275.60	10.59	1.354	>
2.13		5.74	36.25	0.260	>
2.13		285.22	17.52	0.651	>
2.13		272.77	47.49	0.674	>
2.13		263.74	-49.91	0.256	>
2.13		259.66	30.50	1.720	>
2.13		233.76	49.42	1.670	>
2.13	2.14	250.36	48.49	1.958	>
2.10	2.15	206.85	56.16	1.117	<
2.15		73.02	-15.37	0.362	<
2.15		244.77	-53.96	0.195	<
2.15		118.43	-63.23	0.457	<
2.15		186.26	8.10	0.547	<
2.15		155.88	9.25	1.443	<
2.15		161.26	-6.64	0.943	<
2.15	2.16	164.99	9.41	2.282	<
2.16		29.89	4.29	0.294	<
2.16		332.55	-10.86	1.476	<
2.16		315.10	-6.29	1.260	<
2.16		290.22	0.80	1.146	<
2.16		11.09	-38.27	0.854	<
2.16		343.04	-9.20	1.132	<
2.16		298.72	45.08	0.304	<
2.16		221.76	13.39	1.391	<
2.16		236.83	17.14	1.079	<
2.16		188.52	30.08	1.678	<
2.16		170.21	33.44	0.789	<
2.16		155.79	29.08	1.370	<
2.16		141.72	19.91	1.125	<
2.16		129.09	22.32	0.869	<
2.16	2.17	176.78	19.37	1.321	<
2.17		1.49	60.56	0.627	<
2.17		25.64	80.11	1.292	<
2.17		183.20	85.29	2.183	<
2.17		239.04	38.21	0.579	<
2.17		143.74	50.94	0.901	<
2.17		243.32	71.31	0.702	<
2.17	2.18	173.50	61.76	1.904	<
2.18		55.53	-20.15	0.717	<
2.18		218.33	1.60	0.323	<
2.18		274.22	6.31	0.710	<
2.18		283.01	5.83	1.112	<
2.18		308.26	-9.76	0.660	<
2.18		292.58	-3.11	1.218	<
2.18		155.99	38.21	0.816	<
2.18		149.21	54.74	1.512	<
2.18		140.65	61.33	1.167	<
2.18		16.35	-23.21	0.406	<
2.18		335.07	-34.44	0.987	<
2.18		317.18	-27.64	1.006	<
2.18		343.54	-63.97	1.214	<
2.18		293.70	-86.70	0.777	<
2.18		293.81	-26.96	1.306	<
2.18		292.87	-14.11	1.796	<
2.18		55.48	-56.49	1.451	<
2.18		91.99	-47.25	0.680	<
2.18		79.38	-51.42	2.715	<
2.18		88.21	-45.97	2.769	<
2.16	2.19	111.77	2.12	1.268	<
2.19		33.69	0.64	0.357	<
2.19		313.30	-7.09	1.126	<
2.19		330.20	-3.15	0.691	<
2.19		254.94	15.37	0.479	<
2.19		215.19	18.41	0.896	<
2.19		200.58	11.32	0.647	<
2.19		161.69	2.50	0.711	<
2.19		154.54	-86.97	0.441	<
2.19		117.55	-18.56	1.074	<
2.19		346.87	87.26	0.644	<
2.19		132.63	71.00	2.472	<
2.19		130.11	56.46	3.650	<
2.19		118.88	6.47	1.313	<
2.19		123.03	29.75	1.618	<
2.19		125.88	39.43	1.814	<
2.19		127.15	45.37	2.718	<
2.19	2.20	124.86	64.29	1.444	<
2.20	2.21	124.80	37.84	2.594	<
2.21		219.78	9.18	0.307	<
2.21		326.05	19.41	0.196	<
2.21		263.48	-78.02	0.339	<
2.21		278.65	70.31	0.276	<
2.21		146.13	54.17	0.601	<
2.21		119.82	56.37	1.097	<
2.21		81.00	57.82	1.536	<
2.21	2.22	87.15	69.98	2.117	<
2.23	2.19	238.39	69.43	1.607	<
2.23		343.42	35.16	0.274	<
2.23		120.33	-0.30	0.762	<
2.23		12.62	-4.45	0.799	<
2.23		91.00	-0.94	0.918	<
2.23		65.47	-3.80	0.995	<
2.23		48.11	-10.13	1.313	<
2.7	2.23	219.28	17.48	1.525	<
2.7		273.94	17.28	0.899	<
2.5	2.25	17.22	2.52	3.023	<
2.25		184.88	1.34	1.363	<
2.25		187.54	-0.03	1.905	<
2.25		201.39	0.86	1.204	<
2.25		199.72	-2.46	2.053	<
2.25		230.35	10.22	0.732	<
2.25		63.59	19.23	0.540	<
2.25		135.19	26.89	0.471	<
2.25		171.40	7.18	1.200	<
2.25		181.94	1.90	1.299	<
2.25		1.96	16.67	0.764	<
2.25		347.28	11.90	1.620	<
2.25		325.25	5.52	1.673	<
2.25		302.21	-6.09	1.819	<
2.25		244.08	-8.59	1.078	<
2.25		271.66	-17.81	1.271	<
2.25		299.88	-40.11	1.333	<
2.25		337.31	42.63	1.339	<
2.25		345.67	60.17	2.152	<
2.25		346.28	69.74	2.179	<
2.25		246.80	89.01	0.441	<
2.25		204.41	-44.33	0.697	<
2.25		351.59	29.59	1.509	<
2.25		330.29	27.55	1.425	<
2.25	2.26	279.32	-32.71	2.091	<
2.26		15.93	2.18	0.711	<
2.26		51.48	10.59	1.006	<
2.26		187.57	-3.02	0.304	<
2.26		121.84	7.20	0.726	<
2.26		97.13	-51.23	0.670	<
2.26		26.50	-56.15	0.708	<
2.26		304.70	-52.94	0.840	<
2.26		281.34	-43.68	1.090	<
2.26		258.00	-51.42	0.810	<
2.26		195.61	-55.93	0.630	<
2.27	2.26	158.10	71.95	6.142	<
2.27		142.68	44.13	1.298	<
2.27		148.33	6.47	0.870	<
2.27		207.80	7.62	0.294	<
2.27		180.79	6.28	0.439	<
2.27		115.29	-6.43	0.848	<
2.27		99.57	-5.39	0.936	<
2.27		90.58	-6.55	0.789	<
2.27		272.82	-0.52	0.997	<
2.27		166.43	63.03	3.852	<
2.27		153.22	67.80	3.425	<
2.28	2.27	319.53	78.60	3.174	>
2.28		12.94	27.66	0.459	>
2.28		46.06	2.38	0.915	>
2.28		61.17	-1.27	0.904	>
2.28		69.21	-2.55	0.965	>
2.28		275.53	0.24	0.705	>
2.28		302.67	1.63	0.669	>
2.28		318.67	-0.95	0.541	>
2.28		334.12	-5.39	0.831	>
2.28		348.58	-3.68	1.139	>
2.28		0.99	-15.31	0.901	>
2.28	2.29	49.63	-27.64	1.047	>
2.30	2.29	15.16	71.16	3.292	>
2.30		38.27	0.26	0.875	>
2.30		83.09	-6.72	0.427	>
2.30		107.71	-1.53	0.299	>
2.30		3.64	-0.52	0.551	>
2.30		316.86	-3.78	0.349	>
2.30		325.53	-6.37	0.775	>
2.31	2.30	299.01	82.17	1.772	>
2.31		0.59	-84.51	1.015	>
2.31		58.95	-68.39	1.506	>
2.31		65.45	-50.66	1.682	>
2.31		61.57	-20.29	1.263	>
2.31		57.64	1.53	1.161	>
2.31		69.64	-33.03	1.673	>
2.31	2.32	55.56	-37.51	1.148	>
2.32		110.30	-44.35	0.951	>
2.32		106.07	-32.46	1.164	>
2.32		102.87	-31.57	1.117	>
2.32		110.00	-29.77	0.852	>
2.7	2.24	76.96	-20.74	1.370	>
2.24		240.53	-3.29	0.540	>
2.24		194.24	-13.32	0.560	>
2.24	2.33	138.28	-52.81	2.250	>
2.33		334.00	24.12	0.700	>
2.33		312.78	30.88	1.321	>
2.33		284.68	45.64	1.140	>
2.33	2.34	92.83	-17.04	1.144	>
2.34		211.03	21.50	0.450	>
2.34		307.65	34.35	0.750	>
2.34		253.58	25.66	0.730	>
2.34		268.85	21.30	1.390	>
2.34		147.01	-8.07	0.670	>
2.34		162.19	-3.42	1.140	>
2.34		167.05	-4.35	1.410	>
2.34		189.57	-1.79	0.770	>
2.34		183.22	-0.87	1.920	>
2.34		176.18	-0.83	2.490	>
2.34	2.35	172.61	-5.96	3.823	>
2.35		337.08	-1.11	0.830	>
2.35		320.17	3.21	0.660	>
2.35		302.19	5.12	0.650	>
2.35		285.70	4.23	0.990	>
2.35		10.79	5.95	0.800	>
2.35		25.79	19.45	0.880	>
2.35		46.86	26.77	0.950	>
2.35		66.63	33.66	1.130	>
2.35		92.59	33.97	0.719	>
2.35	2.36	260.69	-5.01	1.489	>
2.36		10.73	15.68	0.681	>
2.36		35.91	4.30	0.920	>
2.36		48.73	-0.26	1.110	>
2.36		100.50	10.45	0.480	>
2.36		132.40	35.14	5.051	>
2.36		152.02	11.25	1.000	>
2.36		158.12	6.44	0.910	>
2.36	2.37	173.34	-9.23	2.350	>
2.37		153.56	19.41	1.300	>
2.37		57.91	6.43	0.500	>
2.37		34.00	13.75	0.530	>
2.37		12.85	11.68	0.780	>
2.37		5.89	9.14	1.530	>
2.37		340.84	3.30	1.840	>
2.37		347.30	4.86	2.159	>
2.37		354.16	6.15	2.550	>
2.37	2.38	169.72	8.16	1.416	>
2.38	2.39	165.60	27.25	5.272	>

PLAN
STATIONS
-10.195	4.640	2.1
-11.162	5.047	2.2
-11.502	5.101	2.3
-11.380	5.953	2.4
-11.515	6.512	2.5
-13.913	6.221	2.6
-15.406	3.611	2.7
-15.629	5.086	2.8
-17.052	6.274	2.9
-18.232	5.364	2.10
-19.458	7.707	2.11
-21.335	8.662	2.12
-19.557	5.494	2.13
-20.779	5.058	2.14
-18.513	4.809	2.15
-17.930	2.635	2.16
-17.860	1.391	2.17
-17.758	0.496	2.18
-16.808	2.189	2.19
-16.239	1.807	2.20
-14.557	0.638	2.21
-13.833	0.674	2.22
-16.327	2.485	2.23
-14.158	3.900	2.24
-10.621	9.397	2.25
-12.357	9.682	2.26
-13.067	11.448	2.27
-12.660	10.971	2.28
-11.953	11.572	2.29
-12.231	10.546	2.30
-12.020	10.429	2.31
-11.269	10.944	2.32
-13.253	2.885	2.33
-12.161	2.831	2.34
-11.672	-0.940	2.35
-13.136	-1.180	2.36
-12.867	-3.484	2.37
-12.617	-4.863	2.38
-11.451	-9.403	2.39
SHOTS
-16.327	2.485	-16.808	2.189
-12.617	-4.863	-11.451	-9.403
-12.867	-3.484	-12.617	-4.863
-13.136	-1.180	-12.867	-3.484
-12.867	-3.484	-12.321	-4.582
-12.867	-3.484	-12.446	-3.220
-12.867	-3.484	-12.579	-3.057
-12.867	-3.484	-12.697	-2.739
-12.867	-3.484	-12.712	-1.981
-12.867	-3.484	-13.470	-1.749
-12.867	-3.484	-13.340	-1.385
-12.867	-3.484	-13.125	-0.962
-11.672	-0.940	-13.136	-1.180
-13.136	-1.180	-13.014	-0.536
-13.136	-1.180	-12.598	-0.437
-13.136	-1.180	-12.302	-0.448
-13.136	-1.180	-12.672	-1.266
-13.136	-1.180	-10.086	-3.965
-13.136	-1.180	-12.676	-2.046
-13.136	-1.180	-12.799	-2.019
-12.161	2.831	-11.672	-0.940
-11.672	-0.940	-11.995	-0.176
-11.672	-0.940	-12.094	-0.434
-11.672	-0.940	-12.220	-0.595
-11.672	-0.940	-12.622	-0.673
-11.672	-0.940	-11.523	-0.158
-11.672	-0.940	-11.311	-0.193
-11.672	-0.940	-11.053	-0.360
-11.672	-0.940	-10.809	-0.567
-11.672	-0.940	-11.076	-0.967
-13.253	2.885	-12.161	2.831
-12.161	2.831	-12.377	2.472
-12.161	2.831	-12.651	3.209
-12.161	2.831	-12.792	2.645
-12.161	2.831	-13.456	2.805
-12.161	2.831	-11.800	2.275
-12.161	2.831	-11.813	1.748
-12.161	2.831	-11.846	1.461
-12.161	2.831	-12.289	2.072
-12.161	2.831	-12.269	0.914
-12.161	2.831	-11.995	0.347
-14.158	3.900	-13.253	2.885
-13.253	2.885	-13.533	3.459
-13.253	2.885	-14.085	3.655
-13.253	2.885	-14.024	3.087
-15.406	3.611	-14.158	3.900
-14.158	3.900	-14.627	3.635
-14.158	3.900	-14.292	3.372
-12.020	10.429	-11.269	10.944
-11.269	10.944	-10.631	10.708
-11.269	10.944	-10.325	10.672
-11.269	10.944	-10.341	10.732
-11.269	10.944	-10.574	10.691
-12.231	10.546	-12.020	10.429
-12.020	10.429	-12.019	10.526
-12.020	10.429	-11.545	10.715
-12.020	10.429	-11.050	10.872
-12.020	10.429	-10.978	10.993
-12.020	10.429	-11.040	11.050
-12.020	10.429	-10.705	10.917
-11.953	11.572	-12.231	10.546
-12.231	10.546	-11.689	11.233
-12.231	10.546	-11.810	10.597
-12.231	10.546	-11.946	10.455
-12.231	10.546	-12.196	11.096
-12.231	10.546	-12.469	10.800
-12.231	10.546	-12.667	11.181
-12.660	10.971	-11.953	11.572
-13.067	11.448	-12.660	10.971
-12.660	10.971	-12.569	11.367
-12.660	10.971	-12.002	11.605
-12.660	10.971	-11.868	11.407
-12.660	10.971	-11.759	11.313
-12.660	10.971	-13.362	11.039
-12.660	10.971	-13.223	11.332
-12.660	10.971	-13.017	11.377
-12.660	10.971	-13.021	11.715
-12.660	10.971	-12.885	12.085
-12.660	10.971	-12.645	11.840
-12.357	9.682	-13.067	11.448
-13.067	11.448	-12.502	10.707
-13.067	11.448	-12.613	10.712
-13.067	11.448	-13.203	11.190
-13.067	11.448	-13.073	11.012
-13.067	11.448	-12.305	11.088
-13.067	11.448	-12.148	11.293
-13.067	11.448	-12.283	11.440
-13.067	11.448	-14.063	11.497
-13.067	11.448	-12.657	9.750
-13.067	11.448	-12.484	10.293
-10.621	9.397	-12.357	9.682
-12.357	9.682	-12.162	10.365
-12.357	9.682	-11.583	10.298
-12.357	9.682	-12.397	9.381
-12.357	9.682	-11.745	9.302
-12.357	9.682	-11.941	9.630
-12.357	9.682	-12.181	10.035
-12.357	9.682	-12.773	9.970
-12.357	9.682	-13.130	9.837
-12.357	9.682	-12.851	9.577
-12.357	9.682	-12.452	9.342
-11.515	6.512	-10.621	9.397
-10.621	9.397	-10.737	8.039
-10.621	9.397	-10.871	7.508
-10.621	9.397	-11.060	8.276
-10.621	9.397	-11.313	7.466
-10.621	9.397	-11.176	8.937
-10.621	9.397	-10.164	9.624
-10.621	9.397	-10.325	9.099
-10.621	9.397	-10.443	8.220
-10.621	9.397	-10.665	8.099
-10.621	9.397	-10.596	10.128
-10.621	9.397	-10.970	10.943
-10.621	9.397	-11.570	10.765
-10.621	9.397	-12.151	10.361
-10.621	9.397	-11.580	8.931
-10.621	9.397	-11.831	9.432
-10.621	9.397	-11.505	9.905
-10.621	9.397	-11.001	10.306
-10.621	9.397	-10.886	10.434
-10.621	9.397	-10.800	10.130
-10.621	9.397	-10.628	9.394
-10.621	9.397	-10.827	8.943
-10.621	9.397	-10.813	10.695
-10.621	9.397	-11.247	10.494
-15.406	3.611	-16.327	2.485
-16.327	2.485	-15.365	3.348
-16.327	2.485	-15.424	2.897
-16.327	2.485	-15.409	2.469
-16.327	2.485	-16.153	3.262
-16.327	2.485	-15.669	2.100
-16.327	2.485	-16.391	2.700
-14.557	0.638	-13.833	0.674
-16.239	1.807	-14.557	0.638
-14.557	0.638	-14.751	0.405
-14.557	0.638	-14.660	0.791
-14.557	0.638	-14.627	0.630
-14.557	0.638	-14.649	0.652
-14.557	0.638	-14.361	0.346
-14.557	0.638	-14.030	0.336
-14.557	0.638	-13.749	0.766
-16.753	2.165	-16.239	1.807
-17.930	2.635	-16.753	2.165
-16.753	2.165	-16.555	2.462
-16.753	2.165	-17.566	2.931
-16.753	2.165	-17.096	2.764
-16.753	2.165	-17.199	2.045
-16.753	2.165	-17.243	1.470
-16.753	2.165	-16.976	1.571
-16.753	2.165	-16.530	1.491
-16.753	2.165	-16.743	2.144
-16.753	2.165	-15.850	1.694
-16.753	2.165	-16.760	2.195
-16.753	2.165	-16.161	1.620
-16.753	2.165	-15.211	0.866
-16.753	2.165	-15.611	1.535
-16.753	2.165	-15.575	1.399
-16.753	2.165	-15.618	1.344
-16.753	2.165	-15.231	1.012
-17.860	1.391	-17.758	0.496
-17.758	0.496	-17.203	0.877
-17.758	0.496	-17.958	0.243
-17.758	0.496	-18.462	0.548
-17.758	0.496	-18.836	0.745
-17.758	0.496	-18.269	0.899
-17.758	0.496	-18.881	0.963
-17.758	0.496	-17.497	-0.090
-17.758	0.496	-17.311	-0.254
-17.758	0.496	-17.403	0.063
-17.758	0.496	-17.653	0.854
-17.758	0.496	-18.101	1.234
-17.758	0.496	-18.364	1.150
-17.758	0.496	-17.909	1.007
-17.758	0.496	-17.799	0.514
-17.758	0.496	-18.823	0.966
-17.758	0.496	-19.363	1.173
-17.758	0.496	-17.098	0.950
-17.758	0.496	-17.297	0.480
-17.758	0.496	-16.094	0.808
-17.758	0.496	-15.834	0.556
-17.930	2.635	-17.860	1.391
-17.860	1.391	-17.852	1.699
-17.860	1.391	-17.764	1.591
-17.860	1.391	-17.870	1.212
-17.860	1.391	-18.250	1.157
-17.860	1.391	-17.524	0.933
-17.860	1.391	-18.061	1.290
-18.513	4.809	-17.930	2.635
-17.930	2.635	-17.784	2.889
-17.930	2.635	-18.598	3.921
-17.930	2.635	-18.814	3.522
-17.930	2.635	-19.005	3.031
-17.930	2.635	-17.801	3.293
-17.930	2.635	-18.256	3.704
-17.930	2.635	-18.118	2.738
-17.930	2.635	-18.831	1.626
-17.930	2.635	-18.793	2.071
-17.930	2.635	-18.145	1.199
-17.930	2.635	-17.818	1.986
-17.930	2.635	-17.439	1.543
-17.930	2.635	-17.275	1.805
-17.930	2.635	-17.306	2.128
-18.232	5.364	-18.513	4.809
-18.513	4.809	-18.179	4.911
-18.513	4.809	-18.617	4.760
-18.513	4.809	-18.332	4.711
-18.513	4.809	-18.572	4.271
-18.513	4.809	-17.931	3.509
-18.513	4.809	-18.212	3.922
-19.557	5.494	-20.779	5.058
-18.232	5.364	-19.557	5.494
-19.557	5.494	-19.536	5.703
-19.557	5.494	-20.156	5.657
-19.557	5.494	-20.012	5.516
-19.557	5.494	-19.721	5.476
-19.557	5.494	-21.015	5.228
-19.557	5.494	-20.433	4.852
-19.458	7.707	-21.335	8.662
-21.335	8.662	-20.244	7.544
-21.335	8.662	-21.145	8.612
-21.335	8.662	-21.161	8.614
-21.335	8.662	-20.956	8.864
-18.232	5.364	-19.458	7.707
-19.458	7.707	-19.627	7.371
-19.458	7.707	-19.437	7.594
-19.458	7.707	-19.447	7.624
-19.458	7.707	-19.247	6.860
-19.458	7.707	-20.062	7.619
-19.458	7.707	-20.805	7.806
-19.458	7.707	-20.837	8.213
-17.052	6.274	-18.232	5.364
-18.232	5.364	-17.765	5.228
-18.232	5.364	-18.050	4.973
-18.232	5.364	-17.993	5.671
-18.232	5.364	-18.174	4.455
-18.232	5.364	-18.527	4.788
-18.232	5.364	-18.290	5.353
-18.232	5.364	-18.264	5.851
-18.232	5.364	-18.877	6.001
-18.232	5.364	-18.937	5.471
-18.232	5.364	-19.024	5.164
-18.232	5.364	-18.670	4.947
-15.629	5.086	-17.052	6.274
-17.052	6.274	-17.077	5.892
-17.052	6.274	-17.293	6.185
-17.052	6.274	-17.315	6.076
-17.052	6.274	-17.574	6.203
-17.052	6.274	-17.261	5.881
-17.052	6.274	-17.950	5.765
-15.406	3.611	-15.629	5.086
-15.629	5.086	-15.436	5.350
-15.629	5.086	-16.096	5.825
-15.629	5.086	-15.568	5.482
-15.629	5.086	-15.658	5.307
-15.629	5.086	-16.514	5.957
-15.629	5.086	-16.642	6.063
-13.913	6.221	-15.406	3.611
-15.406	3.611	-14.909	4.381
-15.406	3.611	-14.315	4.623
-15.406	3.611	-15.355	5.190
-15.406	3.611	-15.230	4.681
-15.406	3.611	-15.662	5.025
-15.406	3.611	-15.718	4.851
-15.406	3.611	-15.775	4.436
-15.406	3.611	-16.047	3.956
-15.406	3.611	-14.923	3.614
-15.406	3.611	-14.428	4.092
-15.406	3.611	-14.960	3.802
-15.406	3.611	-15.103	3.901
-15.406	3.611	-15.351	3.791
-15.406	3.611	-14.704	4.258
-15.406	3.611	-16.262	3.670
-11.515	6.512	-13.913	6.221
-13.913	6.221	-13.772	5.853
-13.913	6.221	-14.054	5.513
-13.913	6.221	-14.598	5.840
-13.913	6.221	-14.739	6.542
-13.913	6.221	-13.894	6.537
-13.913	6.221	-14.540	6.972
-13.913	6.221	-14.934	6.811
-13.913	6.221	-14.041	5.367
-13.913	6.221	-13.684	5.314
-13.913	6.221	-14.328	6.569
-13.913	6.221	-13.623	6.067
-13.913	6.221	-13.337	5.912
-13.913	6.221	-14.308	6.230
-11.380	5.953	-11.515	6.512
-11.502	5.101	-11.380	5.953
-11.380	5.953	-11.160	5.896
-11.380	5.953	-11.075	6.439
-11.380	5.953	-11.482	7.398
-11.380	5.953	-11.909	7.036
-11.380	5.953	-12.103	7.038
-11.380	5.953	-13.213	7.239
-11.380	5.953	-13.926	6.791
-11.380	5.953	-12.456	6.376
-11.380	5.953	-13.121	6.903
-11.380	5.953	-12.217	4.856
-11.380	5.953	-12.878	4.984
-11.380	5.953	-13.468	5.663
-11.380	5.953	-11.434	5.099
-11.380	5.953	-12.606	5.428
-11.380	5.953	-13.399	5.828
-11.380	5.953	-12.817	6.369
-11.162	5.047	-11.502	5.101
-11.502	5.101	-11.381	5.938
-11.502	5.101	-10.991	5.454
-11.502	5.101	-11.519	5.602
-11.502	5.101	-10.843	6.516
-11.502	5.101	-10.237	6.818
-10.195	4.640	-11.162	5.047
-11.162	5.047	-12.011	3.892
-11.162	5.047	-11.610	5.194
-11.162	5.047	-11.300	5.534
-10.256	3.261	-10.195	4.640
-10.195	4.640	-9.970	4.604
-10.195	4.640	-10.506	4.224
-10.195	4.640	-10.063	4.001
-10.195	4.640	-10.155	4.417
POLYLINE GREEN
-11.130	-9.270
-10.950	-9.170
-10.920	-9.170
POLYLINE GREEN
-11.260	-9.130
-11.190	-9.060
-11.130	-9.060
-11.090	-9.080
-11.060	-9.130
-11.020	-9.310
-11.020	-9.350
-11.010	-9.420
-11.020	-9.450
POLYLINE GREEN
-11.080	-4.670
-11.120	-4.460
-11.120	-4.330
-11.130	-4.270
POLYLINE GREEN
-13.380	-1.850
-13.390	-1.960
-13.350	-2.120
-13.300	-2.260
-13.290	-2.300
-13.280	-2.340
-13.270	-2.380
-13.210	-2.580
-13.200	-2.620
-13.180	-2.710
-13.170	-2.800
-13.120	-2.920
-13.110	-2.960
-13.090	-3.000
-13.090	-3.030
-13.050	-3.170
-13.010	-3.260
-12.980	-3.290
-12.950	-3.350
-12.930	-3.440
-12.910	-3.480
POLYLINE GREEN
-12.490	-3.280
-12.490	-3.260
-12.450	-3.390
-12.450	-3.420
POLYLINE GREEN
-12.700	-2.010
-12.700	-1.990
-12.790	-2.090
-12.810	-2.170
-12.810	-2.340
-12.800	-2.450
-12.770	-2.490
-12.700	-2.750
-12.670	-2.790
-12.660	-2.850
-12.570	-3.080
-12.520	-3.180
-12.470	-3.240
-12.460	-3.260
POLYLINE GREEN
-10.450	-3.740
-10.200	-3.920
-10.180	-3.930
POLYLINE GREEN
-10.230	-3.720
-10.190	-3.740
-10.050	-3.880
POLYLINE GREEN
-11.410	-2.510
-11.330	-2.620
-11.220	-2.720
-11.130	-2.790
-11.100	-2.840
-11.040	-2.880
-10.950	-2.970
-10.910	-3.000
-10.860	-3.070
-10.720	-3.180
-10.660	-3.250
-10.630	-3.260
-10.550	-3.350
-10.480	-3.440
-10.290	-3.630
-10.090	-3.780
POLYLINE GREEN
-11.700	-2.620
-11.630	-2.690
-11.460	-2.860
-11.440	-2.860
-11.240	-3.090
-11.080	-3.220
-11.010	-3.260
-10.820	-3.440
-10.720	-3.540
-10.550	-3.670
-10.410	-3.780
POLYLINE GREEN
-12.730	-2.000
-12.700	-1.960
-12.620	-1.980
-12.560	-2.020
-12.530	-2.020
-12.430	-2.080
-12.330	-2.120
-12.170	-2.220
-12.110	-2.270
-12.040	-2.310
-11.820	-2.500
-11.640	-2.630
-11.500	-2.760
POLYLINE GREEN
-12.660	-1.290
-12.660	-1.290
-12.580	-1.390
-12.360	-1.610
-12.350	-1.630
-12.330	-1.630
-12.120	-1.780
-11.970	-1.890
-11.940	-1.930
-11.820	-2.030
-11.520	-2.360
-11.340	-2.620
POLYLINE GREEN
-12.680	-1.310
-12.680	-1.290
-12.640	-1.260
-12.610	-1.260
-12.540	-1.200
-12.450	-1.160
-12.430	-1.170
-12.410	-1.150
-12.370	-1.150
-12.170	-1.080
-12.080	-1.060
-11.960	-1.020
-11.940	-1.020
-11.880	-0.980
-11.840	-0.980
-11.800	-0.970
-11.780	-0.970
-11.760	-0.950
-11.740	-0.960
-11.720	-0.940
-11.470	-0.980
-11.450	-0.970
-11.430	-0.980
-11.390	-0.970
-11.330	-0.970
-11.290	-1.000
-11.270	-0.990
-11.230	-1.000
-11.110	-0.930
POLYLINE GREEN
-12.740	-1.270
-12.690	-1.200
-12.650	-1.170
-12.610	-1.170
-12.570	-1.130
-12.550	-1.140
-12.470	-1.090
-12.430	-1.080
-12.390	-1.070
-12.370	-1.080
-12.330	-1.070
-12.310	-1.050
-12.290	-1.070
-12.270	-1.070
POLYLINE GREEN
-13.040	-0.580
-13.040	-0.600
-13.070	-0.620
-13.140	-0.960
-13.140	-1.150
-13.170	-1.210
-13.170	-1.230
-13.190	-1.250
-13.200	-1.290
-13.290	-1.380
-13.320	-1.450
-13.340	-1.470
-13.340	-1.490
-13.380	-1.550
-13.380	-1.640
-13.440	-1.790
-13.440	-1.880
POLYLINE GREEN
-11.980	-0.150
-11.980	-0.130
-12.040	-0.340
-12.040	-0.370
-12.070	-0.470
-12.090	-0.530
-12.150	-0.560
-12.220	-0.670
-12.270	-0.600
-12.290	-0.530
-12.320	-0.500
-12.550	-0.480
-12.650	-0.470
-12.690	-0.470
-12.730	-0.490
-12.750	-0.480
-12.850	-0.550
-12.870	-0.540
-12.890	-0.560
-12.930	-0.550
-12.950	-0.560
-12.970	-0.550
-13.010	-0.560
-13.050	-0.590
POLYLINE GREEN
-13.430	3.380
-13.430	3.390
-13.400	3.340
-13.320	3.290
-13.260	3.250
-13.150	3.210
-13.010	3.180
-12.970	3.190
-12.950	3.180
-12.930	3.210
-12.910	3.190
-12.820	3.210
-12.780	3.200
-12.740	3.200
-12.700	3.190
-12.660	3.190
-12.640	3.180
-12.600	3.180
-12.420	3.100
-12.400	3.080
-12.380	3.080
-12.370	3.060
-12.330	3.050
-12.220	2.950
-12.140	2.870
-11.910	2.610
-11.880	2.540
-11.860	2.520
-11.850	2.480
-11.820	2.390
-11.790	2.220
-11.800	2.200
-11.800	2.140
-11.820	1.990
-11.820	1.920
-11.830	1.850
-11.840	1.720
-11.840	1.490
-11.830	1.450
-11.810	1.350
-11.810	1.280
-11.800	1.180
-11.800	0.960
-11.810	0.920
-11.810	0.850
-11.800	0.830
-11.790	0.750
-11.770	0.640
-11.770	0.590
-11.760	0.550
-11.740	0.430
-11.740	0.390
-11.720	0.330
-11.720	0.290
-11.660	0.130
-11.590	0.010
-11.540	-0.050
-11.540	-0.070
-11.450	-0.160
-11.430	-0.150
-11.390	-0.180
-11.350	-0.180
-11.270	-0.200
-11.260	-0.220
-11.240	-0.220
-11.100	-0.340
-11.060	-0.400
-10.960	-0.470
-10.940	-0.490
-10.930	-0.530
-10.870	-0.630
-10.930	-0.730
-11.010	-0.800
-11.040	-0.850
-11.090	-0.900
-11.120	-0.940
POLYLINE GREEN
-13.410	2.880
-13.430	2.900
-13.430	2.870
-13.400	2.830
-13.400	2.810
-13.320	2.760
-13.170	2.740
-13.150	2.730
-13.010	2.720
-12.990	2.730
-12.910	2.700
-12.850	2.700
-12.770	2.670
-12.580	2.630
-12.540	2.630
-12.500	2.600
-12.480	2.610
-12.460	2.590
-12.460	2.570
-12.440	2.550
-12.420	2.550
-12.350	2.440
-12.350	2.400
-12.320	2.290
-12.320	2.260
-12.290	2.180
-12.270	2.080
-12.270	2.020
-12.260	2.000
-12.270	1.950
-12.260	1.930
-12.270	1.890
-12.270	1.810
-12.260	1.660
-12.260	1.430
-12.270	1.320
-12.270	1.190
-12.260	1.150
-12.260	1.020
-12.190	0.820
-12.180	0.770
-12.060	0.520
-12.040	0.440
-12.020	0.400
-11.980	0.220
-11.980	0.120
-11.970	0.080
-11.970	0.040
-11.960	0.000
-11.960	-0.030
-11.950	-0.050
-11.970	-0.140
-11.970	-0.160
POLYLINE GREEN
-13.900	3.040
-13.900	3.060
-13.840	3.000
-13.820	3.000
-13.800	2.980
-13.760	2.970
-13.640	2.920
-13.600	2.920
-13.580	2.900
-13.560	2.910
-13.540	2.900
-13.520	2.910
-13.500	2.890
-13.480	2.900
-13.420	2.880
-13.400	2.890
-13.350	2.880
-13.310	2.850
POLYLINE GREEN
-13.990	3.100
-13.990	3.120
-13.910	3.050
POLYLINE GREEN
-14.260	4.010
-14.280	4.040
-14.270	4.060
-14.250	4.010
-14.190	3.950
-14.150	3.890
-14.150	3.890
-14.150	3.870
-14.060	3.780
-14.040	3.730
-14.020	3.730
-14.000	3.710
-13.980	3.710
-13.900	3.660
-13.850	3.610
-13.810	3.580
-13.770	3.570
-13.730	3.560
-13.690	3.520
-13.650	3.510
-13.590	3.470
-13.550	3.460
-13.540	3.440
-13.520	3.440
-13.430	3.380
POLYLINE GREEN
-14.600	3.650
-14.490	3.590
-14.470	3.600
-14.400	3.520
-14.380	3.480
-14.340	3.460
-14.310	3.420
-14.290	3.420
-14.220	3.360
-14.120	3.290
-14.070	3.210
-13.860	3.030
POLYLINE BLACK
-15.111	21.856
POLYLINE GREEN
-12.539	9.146
-12.429	9.156
-12.389	9.076
-12.449	8.936
POLYLINE GREEN
-12.499	9.116
-12.499	9.136
-12.419	9.006
POLYLINE GREEN
-12.649	9.036
-12.609	8.946
-12.589	8.966
-12.589	9.046
-12.669	9.116
-12.679	9.096
POLYLINE GREEN
-12.929	9.076
-12.889	9.136
-12.819	9.146
-12.839	9.016
-12.759	9.046
-12.719	8.996
-12.799	8.886
POLYLINE GREEN
-12.809	9.126
-12.789	8.976
POLYLINE RED
-10.599	10.686
-10.599	10.726
-10.399	10.716
POLYLINE RED
-11.239	10.946
-11.229	10.986
-11.129	11.006
-11.089	10.986
-10.949	10.956
-10.689	10.876
-10.569	10.826
-10.489	10.826
-10.319	10.726
POLYLINE RED
-11.959	10.376
-11.969	10.416
-11.779	10.476
-11.629	10.556
-11.569	10.566
-11.549	10.586
-11.469	10.596
-11.319	10.666
-11.249	10.726
-11.099	10.806
-11.099	10.826
-10.929	10.816
-10.889	10.796
-10.829	10.806
-10.749	10.746
-10.479	10.706
-10.429	10.686
POLYLINE RED
-11.799	10.646
-11.809	10.666
-11.759	10.706
-11.739	10.706
-11.729	10.726
-11.709	10.716
-11.549	10.856
-11.509	10.856
-11.409	10.906
-11.239	10.956
POLYLINE RED
-11.809	11.466
-11.789	11.376
-11.719	11.246
POLYLINE RED
-12.479	10.936
-12.489	10.986
-12.449	10.996
-12.409	10.956
-12.399	10.916
-12.419	10.826
-12.409	10.936
-12.439	11.026
POLYLINE RED
-12.219	10.466
-12.229	10.536
-12.409	10.696
-12.459	10.836
-12.409	10.936
-12.269	11.056
-12.209	11.066
-12.149	11.096
-12.129	11.096
-12.079	11.146
-11.859	11.236
-11.799	11.246
-11.779	11.266
-11.759	11.246
-11.739	11.256
-11.699	11.206
-11.749	10.936
-11.789	10.746
-11.819	10.626
-11.899	10.496
-11.919	10.506
-12.029	10.486
-12.059	10.516
-12.079	10.506
-12.139	10.516
-12.189	10.546
-12.229	10.546
-12.369	10.676
POLYLINE GREEN
-12.649	10.936
-12.659	10.956
-12.539	10.976
-12.429	10.986
-12.389	11.006
-12.109	11.136
-12.049	11.166
-11.899	11.286
-11.799	11.336
-11.789	11.406
-11.889	11.576
-11.989	11.626
-12.069	11.616
-12.169	11.586
-12.189	11.606
-12.209	11.596
-12.219	11.626
-12.259	11.636
-12.349	11.716
-12.469	11.786
-12.579	11.856
-12.709	11.976
-12.759	12.016
-12.819	12.026
-12.899	11.906
-12.979	11.786
-13.049	11.716
-13.099	11.596
-13.139	11.526
-13.139	11.486
-13.179	11.356
-13.199	11.346
-13.299	11.116
-13.309	11.076
-13.259	10.966
-13.179	10.916
-13.119	10.916
-13.039	10.896
-12.959	10.916
-12.919	10.906
-12.729	10.956
-12.709	10.976
POLYLINE BLUE
-12.839	10.016
-12.829	9.996
-12.839	9.966
POLYLINE BLUE
-12.789	10.096
-12.809	10.096
-12.839	10.006
POLYLINE BLUE
-12.989	10.916
-12.999	10.856
-12.939	10.626
-12.849	10.486
-12.819	10.346
-12.799	10.186
-12.809	10.096
POLYLINE BLUE
-13.079	11.106
-12.999	11.066
-12.949	11.016
-12.939	10.866
-12.909	10.826
POLYLINE BLUE
-12.459	10.766
-12.509	10.706
-12.519	10.576
-12.499	10.476
-12.419	10.266
-12.399	10.256
-12.389	10.176
-12.369	10.126
POLYLINE BLUE
-12.329	11.096
-12.329	11.116
-12.349	11.116
-12.459	10.826
-12.469	10.746
POLYLINE BLUE
-13.329	11.416
-13.329	11.436
-13.239	11.356
-13.239	11.336
-13.199	11.256
-13.189	11.206
-13.059	11.086
-13.059	11.066
-13.039	11.056
POLYLINE BLUE
-14.059	11.486
-13.959	11.456
-13.939	11.466
-13.919	11.446
-13.729	11.476
-13.689	11.466
-13.669	11.476
-13.609	11.456
-13.589	11.466
-13.549	11.456
-13.529	11.466
-13.329	11.436
POLYLINE BLUE
-12.959	11.516
-12.969	11.566
-13.029	11.496
-13.149	11.466
-13.249	11.506
-13.389	11.536
-13.529	11.526
-13.669	11.576
-13.709	11.566
-13.769	11.586
-13.919	11.566
-13.999	11.546
-14.039	11.556
POLYLINE BLUE
-13.049	11.506
-13.049	11.526
-13.029	11.516
-12.969	11.536
-12.939	11.566
-12.919	11.556
-12.879	11.566
-12.839	11.556
-12.819	11.566
-12.679	11.526
-12.589	11.516
-12.509	11.536
-12.469	11.516
-12.449	11.536
-12.209	11.496
-12.149	11.416
-12.139	11.326
-12.289	11.136
-12.339	11.096
-12.359	11.106
-12.389	11.086
-12.409	11.086
-12.419	11.066
-12.419	11.066
POLYLINE GREEN
-12.129	10.356
-12.129	10.376
-12.249	10.276
-12.269	10.276
-12.409	10.216
-12.439	10.186
-12.459	10.196
-12.599	10.116
-12.699	10.096
-12.739	10.056
-12.799	10.036
-12.839	10.046
-13.119	9.986
POLYLINE GREEN
-12.329	9.406
-12.269	9.496
-12.189	9.406
-12.139	9.486
-12.119	9.486
-12.059	9.436
-12.039	9.556
-11.909	9.486
POLYLINE GREEN
-12.359	9.396
-12.369	9.436
-12.399	9.476
-12.519	9.406
-12.509	9.506
-12.589	9.496
-12.619	9.556
-12.619	9.576
-12.739	9.566
-12.729	9.666
-12.749	9.676
-12.839	9.656
-12.859	9.666
-12.879	9.656
-12.869	9.766
-12.929	9.756
-12.999	9.776
POLYLINE GREEN
-13.089	9.846
-13.099	9.866
-12.939	9.726
-12.909	9.676
-12.889	9.676
-12.629	9.496
-12.509	9.406
-12.489	9.406
-12.469	9.386
-12.449	9.406
-12.429	9.396
-12.329	9.416
-12.229	9.426
POLYLINE GREEN
-12.259	10.036
-12.259	10.056
-12.319	9.986
-12.369	10.066
-12.439	10.016
-12.469	9.976
-12.509	10.026
-12.589	9.946
-12.659	9.986
-12.719	9.906
-12.809	9.946
-12.859	9.876
-12.879	9.876
-12.919	9.916
-13.019	9.826
-13.019	9.846
-13.039	9.866
POLYLINE GREEN
-12.239	10.036
-12.249	10.056
-12.269	10.046
-12.389	10.066
-12.589	10.016
-12.649	9.986
-12.669	9.996
-12.769	9.946
-12.789	9.966
-12.829	9.926
-12.929	9.916
-13.029	9.876
POLYLINE GREEN
-11.849	9.436
-11.859	9.486
-11.959	9.526
-11.859	9.626
-11.959	9.676
-12.029	9.686
-11.979	9.686
-11.929	9.786
-12.009	9.806
-12.029	9.796
-12.039	9.816
-12.029	9.896
-12.089	9.906
-12.109	9.896
-12.129	10.016
-12.119	10.036
-12.179	10.016
POLYLINE GREEN
-11.889	9.526
-11.899	9.586
-11.919	9.666
-11.949	9.776
-12.009	9.876
-12.049	9.896
-12.049	9.916
-12.149	10.006
-12.189	9.996
POLYLINE GREEN
-11.689	8.986
-11.919	9.386
-11.859	9.616
-11.859	9.616
POLYLINE GREEN
-11.769	9.326
-11.779	9.376
-11.849	9.436
-11.969	9.416
-12.089	9.386
-12.089	9.406
-12.299	9.376
-12.379	9.356
-12.419	9.366
POLYLINE GREEN
-12.419	9.596
-12.469	9.666
POLYLINE GREEN
-12.289	9.646
-12.349	9.686
-12.429	9.706
-12.539	9.606
-12.559	9.606
POLYLINE GREEN
-12.189	9.546
-12.189	9.566
-12.169	9.586
POLYLINE GREEN
-12.109	9.546
-12.189	9.626
POLYLINE GREEN
-10.899	11.186
-10.899	11.206
POLYLINE GREEN
-11.059	11.366
-11.059	11.386
-11.039	11.406
-10.999	11.356
-10.999	11.276
-10.979	11.266
-10.959	11.296
POLYLINE GREEN
-11.379	10.846
-11.399	10.976
-11.359	10.886
-11.399	11.016
-11.419	11.076
POLYLINE GREEN
-11.059	10.886
-11.059	10.926
-11.049	10.906
POLYLINE GREEN
-11.139	10.896
-11.139	10.916
-11.129	10.876
POLYLINE GREEN
-11.239	10.826
-11.249	10.886
-11.239	10.856
POLYLINE GREEN
-10.929	10.896
-11.149	11.046
-11.199	11.126
POLYLINE GREEN
-11.359	10.836
-11.399	10.926
-11.469	11.056
POLYLINE GREEN
-11.399	10.666
-11.399	10.706
-11.329	10.736
POLYLINE GREEN
-11.279	10.596
-11.359	10.826
POLYLINE GREEN
-11.579	10.386
-11.579	10.476
-11.589	10.446
POLYLINE GREEN
-11.439	10.496
-11.449	10.516
-11.439	10.536
-11.419	10.466
POLYLINE GREEN
-11.439	10.516
-11.439	10.516
-11.409	10.466
POLYLINE GREEN
-11.289	10.536
-11.289	10.556
-11.309	10.516
-11.289	10.636
POLYLINE GREEN
-11.439	10.326
-11.459	10.416
-11.349	10.466
POLYLINE GREEN
-11.629	10.326
-11.639	10.376
-11.559	10.346
-11.519	10.366
POLYLINE GREEN
-11.909	10.396
-11.829	10.416
-11.759	10.406
POLYLINE GREEN
-10.929	10.856
-10.969	10.866
-11.129	10.856
POLYLINE GREEN
-10.819	10.716
-10.859	10.776
POLYLINE GREEN
-10.729	10.556
-10.759	10.636
POLYLINE GREEN
-10.619	10.336
-10.639	10.436
POLYLINE GREEN
-10.639	10.046
-10.589	10.186
POLYLINE GREEN
-10.779	9.946
-10.779	9.996
-10.739	9.996
POLYLINE GREEN
-11.109	10.106
-10.949	9.996
POLYLINE GREEN
-11.239	10.316
-11.189	10.226
POLYLINE GREEN
-11.289	10.576
-11.309	10.446
POLYLINE GREEN
-11.199	10.816
-11.209	10.836
-11.209	10.816
-11.279	10.726
POLYLINE GREEN
-11.159	10.266
-11.159	10.246
POLYLINE GREEN
-11.169	10.446
-11.179	10.426
POLYLINE GREEN
-11.219	10.526
-11.219	10.546
-11.239	10.536
POLYLINE GREEN
-11.209	10.786
-11.229	10.776
POLYLINE GREEN
-11.699	10.486
-11.699	10.506
-11.629	10.586
POLYLINE GREEN
-11.649	10.456
-11.599	10.516
POLYLINE GREEN
-11.579	10.336
-11.579	10.376
-11.539	10.396
POLYLINE GREEN
-11.569	10.246
-11.509	10.286
POLYLINE GREEN
-11.579	10.086
-11.439	10.136
POLYLINE GREEN
-11.509	9.886
-11.509	9.906
-11.399	9.916
POLYLINE GREEN
-11.539	9.766
-11.409	9.746
POLYLINE GREEN
-11.609	9.606
-11.599	9.626
-11.509	9.596
POLYLINE GREEN
-11.669	9.496
-11.669	9.516
POLYLINE GREEN
-11.719	9.376
-11.719	9.416
-11.669	9.446
-11.539	9.546
-11.509	9.616
-11.469	9.716
-11.429	9.946
-11.479	10.156
-11.529	10.266
-11.559	10.376
-11.579	10.386
-11.639	10.536
-11.719	10.566
POLYLINE GREEN
-11.059	8.876
-11.129	9.006
-11.189	9.056
-11.329	9.056
-11.519	9.016
-11.579	9.036
-11.689	9.166
-11.799	9.456
POLYLINE GREEN
-10.169	9.686
-10.339	9.896
-10.529	10.076
-10.719	10.436
-10.819	10.706
-10.909	10.886
-10.929	10.886
-10.969	10.926
-10.989	10.916
-11.109	10.936
-11.169	10.916
-11.189	10.926
-11.329	10.876
-11.389	10.856
-11.499	10.776
-11.519	10.786
-11.739	10.546
-11.839	10.486
-11.939	10.436
-12.079	10.416
-12.179	10.336
POLYLINE GREEN
-9.769	9.696
-9.769	9.716
-9.699	9.726
-9.659	9.666
-9.709	9.566
-9.729	9.556
POLYLINE GREEN
-9.729	9.696
-9.729	9.616
POLYLINE GREEN
-9.869	9.636
-9.879	9.596
-9.849	9.566
-9.789	9.606
-9.779	9.656
-9.819	9.676
-9.869	9.646
POLYLINE GREEN
-10.049	9.636
-9.969	9.666
-9.989	9.606
-9.929	9.586
-9.919	9.546
-9.999	9.486
POLYLINE GREEN
-9.989	9.626
-9.989	9.646
-9.999	9.496
POLYLINE GREEN
-10.719	8.026
-10.659	8.166
-10.609	8.206
-10.609	8.226
-10.599	8.206
-10.579	8.216
-10.559	8.206
-10.519	8.226
-10.449	8.196
-10.389	8.216
-10.309	8.336
-10.289	8.646
-10.279	8.736
-10.309	8.896
-10.269	9.226
-10.219	9.436
-10.169	9.606
-10.169	9.676
POLYLINE GREEN
-10.999	8.426
-10.989	8.646
-11.039	8.816
-11.059	8.886
-11.149	8.996
POLYLINE GREEN
-11.029	8.316
-11.029	8.336
-11.019	8.316
-10.969	8.466
-10.969	8.486
-10.989	8.476
POLYLINE GREEN
-11.139	7.176
-11.099	7.316
-10.879	7.646
-10.789	7.856
-10.619	8.436
POLYLINE GREEN
-11.349	7.496
-11.349	7.546
-11.259	7.686
-11.199	7.856
-11.059	8.266
-11.009	8.376
POLYLINE GREEN
-11.479	7.376
-11.449	7.456
-11.359	7.566
-11.339	7.606
POLYLINE BLUE
-16.202	3.624
-16.272	3.534
POLYLINE BLUE
-16.072	3.404
-16.162	3.384
-16.262	3.404
POLYLINE BLUE
-16.132	3.394
-16.132	3.414
-16.202	3.424
POLYLINE BLUE
-16.112	3.684
-16.112	3.704
-16.122	3.654
-16.152	3.614
-16.262	3.554
POLYLINE BLUE
-16.002	3.894
-16.052	3.834
-16.042	3.774
-16.122	3.704
POLYLINE BLUE
-16.072	3.224
-16.052	3.294
-16.072	3.314
-16.112	3.314
-16.172	3.344
POLYLINE BLUE
-15.382	3.504
-15.382	3.524
-15.432	3.584
POLYLINE BLUE
-15.602	2.094
-15.602	2.114
-15.502	2.184
-15.382	2.414
-15.342	2.474
-15.312	2.684
-15.332	2.724
-15.342	2.794
-15.352	2.874
-15.332	2.934
-15.342	3.014
-15.352	3.184
-15.342	3.284
-15.302	3.334
-15.302	3.374
-15.412	3.474
-15.432	3.534
POLYLINE BLUE
-16.092	2.224
-16.152	2.234
-16.172	2.224
-16.092	2.204
-16.052	2.224
-15.992	2.214
-15.972	2.194
-15.912	2.204
-15.792	2.124
-15.752	2.124
-15.712	2.094
-15.632	2.104
-15.592	2.094
POLYLINE BLUE
-16.112	2.384
-16.112	2.424
-16.142	2.344
-16.162	2.344
-16.202	2.314
POLYLINE BLUE
-16.552	2.424
-16.562	2.444
POLYLINE BLUE
-16.582	2.344
POLYLINE BLUE
-16.492	2.254
-16.492	2.274
-16.562	2.264
POLYLINE BLUE
-16.552	2.174
-16.562	2.194
-16.572	2.174
-16.652	2.224
-16.662	2.324
-16.592	2.494
POLYLINE BLUE
-16.362	2.504
POLYLINE BLUE
-16.352	2.424
-16.352	2.444
-16.312	2.474
POLYLINE BLUE
-16.272	2.354
-16.402	2.464
-16.412	2.504
POLYLINE BLUE
-16.442	2.374
-16.452	2.394
-16.432	2.404
POLYLINE BLUE
-16.402	2.294
-16.412	2.314
-16.392	2.314
POLYLINE BLUE
-16.342	2.214
-16.402	2.234
-16.482	2.324
-16.482	2.434
POLYLINE BLUE
-16.342	2.134
-16.382	2.224
-16.322	2.344
-16.292	2.394
-16.232	2.474
-16.192	2.444
-16.152	2.444
-16.132	2.394
POLYLINE BLUE
-16.172	1.924
-16.182	1.974
-16.222	1.974
-16.312	2.074
-16.382	2.164
POLYLINE BLUE
-16.202	2.914
-16.182	3.064
-16.132	3.194
POLYLINE BLUE
-16.552	2.464
-16.492	2.464
-16.342	2.634
-16.262	2.844
-16.252	2.904
-16.232	2.924
POLYLINE BLUE
-16.002	1.734
-15.982	1.714
POLYLINE BLUE
-16.082	1.674
-16.082	1.694
-16.062	1.694
POLYLINE BLUE
-15.862	1.714
-16.002	1.694
-16.042	1.584
POLYLINE BLUE
-15.762	1.474
-15.772	1.494
-15.722	1.424
POLYLINE BLUE
-15.672	1.614
-15.622	1.554
POLYLINE BLUE
-15.762	1.564
-15.632	1.464
POLYLINE BLUE
-15.582	1.524
-15.602	1.524
-15.722	1.454
-15.732	1.294
POLYLINE BLUE
-15.562	1.284
-15.492	1.254
POLYLINE BLUE
-15.472	1.344
-15.472	1.344
-15.452	1.314
POLYLINE BLUE
-15.412	1.354
-15.372	1.284
POLYLINE BLUE
-15.512	1.304
-15.422	1.254
POLYLINE BLUE
-15.362	1.344
-15.382	1.344
-15.482	1.254
-15.492	1.204
POLYLINE BLUE
-15.242	1.194
-15.212	1.144
POLYLINE BLUE
-15.332	1.144
-15.252	1.084
POLYLINE BLUE
-15.192	1.194
-15.172	1.214
-15.292	1.084
-15.282	1.024
POLYLINE BLUE
-15.022	1.014
-14.992	0.974
POLYLINE BLUE
-15.132	0.954
-15.052	0.874
POLYLINE BLUE
-14.922	0.954
-15.062	0.924
-15.082	0.804
POLYLINE BLUE
-14.762	0.814
-14.752	0.794
POLYLINE BLUE
-14.832	0.784
-14.792	0.724
POLYLINE BLUE
-14.872	0.704
-14.822	0.634
POLYLINE BLUE
-14.682	0.804
-14.732	0.804
-14.792	0.744
-14.812	0.654
-14.802	0.634
-14.812	0.584
POLYLINE BLUE
-13.842	-0.536
-13.782	-0.526
POLYLINE BLUE
-13.732	-0.336
-13.782	-0.376
-13.762	-0.316
-13.822	-0.306
-13.882	-0.346
-13.902	-0.386
-13.892	-0.436
POLYLINE BLUE
-13.852	-0.186
-13.942	-0.286
-13.952	-0.306
-13.932	-0.316
-13.782	-0.236
POLYLINE BLUE
-13.842	-0.116
-13.922	-0.066
-13.942	-0.086
-13.942	-0.206
-13.962	-0.226
-14.002	-0.196
POLYLINE BLUE
-13.992	0.004
-14.142	-0.136
POLYLINE BLUE
-14.092	-0.046
-14.042	-0.106
POLYLINE BLUE
-13.982	0.034
-14.012	0.004
-13.992	0.014
-13.932	0.004
-14.022	-0.156
-14.042	-0.166
POLYLINE BLUE
-14.072	0.164
-14.042	0.084
-14.102	0.054
-14.162	0.044
-14.072	-0.056
POLYLINE BLUE
-13.572	-0.046
-13.642	-0.126
-13.592	-0.066
-13.622	-0.236
-13.482	-0.106
POLYLINE BLUE
-13.442	0.044
-13.502	0.044
POLYLINE BLUE
-13.532	0.014
-13.572	0.004
-13.652	-0.066
POLYLINE BLUE
-13.632	0.154
-13.652	0.154
-13.712	0.094
-13.692	0.094
-13.592	0.174
-13.592	0.114
-13.572	0.114
-13.572	0.094
-13.682	-0.006
POLYLINE BLUE
-13.682	0.364
-13.802	0.394
-13.812	0.374
-13.762	0.224
-13.722	0.214
-13.722	0.244
-13.752	0.204
-13.752	0.184
-13.712	0.144
-13.662	0.224
-13.702	0.284
POLYLINE BLUE
-13.712	0.454
-13.712	0.474
-13.892	0.314
POLYLINE BLUE
-13.732	0.654
-13.722	0.714
POLYLINE BLUE
-13.822	0.564
-13.822	0.584
-13.802	0.584
-13.752	0.634
POLYLINE BLUE
-13.972	0.524
-13.902	0.524
POLYLINE BLUE
-14.042	0.614
-14.032	0.544
POLYLINE BLUE
-13.832	0.744
-13.932	0.774
-14.012	0.704
POLYLINE BLUE
-14.452	0.644
-14.452	0.704
-14.432	0.694
-14.332	0.724
-14.292	0.714
-14.192	0.754
-14.072	0.774
-13.992	0.764
-13.952	0.774
-13.912	0.764
-13.892	0.774
-13.872	0.764
-13.812	0.774
-13.772	0.764
-13.732	0.774
-13.662	0.724
-13.652	0.664
-13.862	0.484
POLYLINE BLUE
-14.532	0.344
-14.492	0.354
-14.432	0.334
-14.382	0.364
-14.322	0.384
-14.282	0.374
-14.262	0.384
-14.142	0.374
-14.022	0.404
-14.002	0.394
-13.862	0.474
POLYLINE BLUE
-14.712	0.424
-14.482	0.304
-14.412	0.284
POLYLINE BLUE
-14.602	0.514
-14.642	0.604
-14.632	0.404
-14.602	0.354
-14.582	0.354
-14.542	0.334
-14.442	0.424
-14.422	0.484
POLYLINE BLUE
-14.452	0.674
-14.432	0.674
-14.322	0.604
POLYLINE BLUE
-14.452	0.644
-14.442	0.664
-14.592	0.704
-14.642	0.674
-14.662	0.614
-14.542	0.464
-14.462	0.434
-14.422	0.444
-14.402	0.594
-14.422	0.654
POLYLINE BLUE
-14.842	0.944
-14.752	0.864
-14.592	0.774
-14.492	0.694
POLYLINE BLUE
-16.302	1.714
-16.322	1.804
-16.302	1.804
-16.242	1.764
-16.122	1.674
-15.992	1.554
-15.952	1.544
-15.542	1.214
-15.442	1.154
-15.262	0.984
-15.202	0.964
-15.072	0.824
-14.852	0.514
-14.692	0.374
POLYLINE BLUE
-16.092	1.874
-15.982	1.784
-15.912	1.734
-15.892	1.744
-15.842	1.704
-15.822	1.704
-15.562	1.504
-15.542	1.504
-15.522	1.464
-15.502	1.464
-15.202	1.214
-15.182	1.214
-15.052	1.094
-14.842	0.894
-14.742	0.804
POLYLINE BLUE
-16.212	1.964
-16.212	1.984
-16.142	1.874
-16.102	1.834
POLYLINE BLUE
-16.482	1.734
-16.482	1.814
-16.442	1.874
-16.312	1.784
-16.252	1.794
POLYLINE BLUE
-16.702	1.614
-16.702	1.614
-16.692	1.594
POLYLINE BLUE
-16.772	1.614
-16.752	1.604
POLYLINE BLUE
-16.842	1.584
-16.822	1.594
-16.792	1.554
POLYLINE BLUE
-16.532	1.484
-16.732	1.574
-16.882	1.474
POLYLINE BLUE
-16.582	1.044
-16.582	1.064
-16.562	1.054
POLYLINE BLUE
-16.612	1.004
-16.612	1.044
-16.602	1.024
POLYLINE BLUE
-16.682	0.994
-16.692	1.024
POLYLINE BLUE
-16.652	1.274
-16.642	1.294
-16.632	1.274
POLYLINE BLUE
-16.722	1.304
POLYLINE BLUE
-16.542	1.204
-16.602	1.254
-16.692	1.254
-16.712	1.234
POLYLINE BLUE
-16.402	1.004
-16.472	1.014
-16.742	0.954
POLYLINE BLUE
-16.802	1.154
-16.802	1.114
POLYLINE BLUE
-16.792	1.254
-16.802	1.274
-16.802	1.254
POLYLINE BLUE
-16.532	1.234
-16.532	1.214
POLYLINE BLUE
-16.552	1.334
-16.552	1.354
POLYLINE BLUE
-16.912	1.464
-16.862	1.414
-16.842	1.374
POLYLINE BLUE
-16.502	1.774
-16.512	1.864
-16.502	1.884
-16.562	1.684
-16.532	1.424
POLYLINE BLUE
-17.242	1.944
-17.222	1.944
-17.272	1.954
POLYLINE BLUE
-17.292	2.014
-17.292	1.894
POLYLINE BLUE
-17.242	2.114
-17.232	2.074
POLYLINE BLUE
-17.202	2.124
-17.312	2.094
POLYLINE BLUE
-16.602	2.154
-16.592	2.074
POLYLINE BLUE
-16.572	2.124
-16.562	2.164
-16.682	2.154
POLYLINE BLUE
-16.742	2.124
-16.722	2.084
POLYLINE BLUE
-16.912	2.124
-16.922	2.104
-16.912	2.084
POLYLINE BLUE
-17.072	2.134
-17.072	2.104
POLYLINE BLUE
-17.232	2.054
-17.232	2.034
POLYLINE BLUE
-17.032	2.124
-17.052	2.134
-17.132	2.104
POLYLINE BLUE
-16.862	2.084
-16.892	2.104
-16.982	2.104
POLYLINE BLUE
-16.732	2.124
-16.752	2.134
-16.802	2.114
POLYLINE BLUE
-16.622	2.134
-16.622	2.154
-16.602	2.154
-16.642	2.144
POLYLINE BLUE
-16.952	1.544
-16.922	1.474
POLYLINE BLUE
-17.212	1.574
-17.212	1.574
-17.172	1.574
-17.132	1.554
-17.032	1.564
-16.932	1.534
POLYLINE BLUE
-17.292	1.784
-17.282	1.804
-17.222	1.754
-17.222	1.544
POLYLINE BLUE
-16.702	2.544
-16.532	2.464
POLYLINE BLUE
-17.012	2.744
-17.012	2.774
-16.882	2.684
-16.682	2.534
POLYLINE BLUE
-17.772	2.994
-17.692	2.904
-17.612	2.894
-17.572	2.924
-17.452	2.894
-17.312	2.834
-17.292	2.834
-17.262	2.814
-17.142	2.784
-17.122	2.794
-17.022	2.764
POLYLINE BLUE
-15.952	0.514
-15.952	0.494
POLYLINE BLUE
-16.112	0.444
-16.012	0.454
-15.962	0.434
POLYLINE BLUE
-15.982	0.514
-15.982	0.514
-15.952	0.474
POLYLINE BLUE
-16.892	0.804
-16.892	0.844
-16.792	0.834
-16.772	0.934
POLYLINE BLUE
-16.322	0.954
-16.322	0.974
-16.302	0.974
-16.292	0.994
-16.372	1.014
-16.502	1.094
POLYLINE BLUE
-16.492	0.594
-16.632	0.574
POLYLINE BLUE
-16.482	0.644
-16.652	0.604
POLYLINE BLUE
-16.552	0.714
-16.642	0.674
POLYLINE BLUE
-16.772	0.804
-16.732	0.794
-16.672	0.694
-16.642	0.504
POLYLINE BLUE
-16.922	0.594
-16.992	0.584
-17.062	0.594
POLYLINE BLUE
-16.932	0.664
-17.032	0.644
POLYLINE BLUE
-17.022	0.754
-17.062	0.704
POLYLINE BLUE
-17.182	0.774
-17.072	0.594
POLYLINE BLUE
-15.982	0.574
-15.962	0.574
-15.922	0.534
-15.952	0.494
POLYLINE BLUE
-17.252	0.484
-17.262	0.504
-17.142	0.524
-17.022	0.504
-16.962	0.514
-16.862	0.474
-16.822	0.494
-16.602	0.534
-16.552	0.514
-16.492	0.514
-16.352	0.474
-16.312	0.484
-16.182	0.464
-16.142	0.474
-16.052	0.454
POLYLINE BLUE
-16.292	0.964
-16.292	0.984
-16.272	0.984
-16.132	0.884
-15.992	0.684
-15.922	0.534
-15.882	0.504
POLYLINE BLUE
-17.162	0.764
-17.162	0.784
-16.882	0.854
POLYLINE BLUE
-17.062	0.794
-17.072	0.814
-16.992	0.834
-16.912	0.854
POLYLINE BLUE
-17.302	0.784
-17.242	0.794
-17.222	0.774
POLYLINE BLUE
-17.402	0.724
POLYLINE BLUE
-17.402	0.674
-17.382	0.684
POLYLINE BLUE
-17.392	0.614
-17.372	0.624
POLYLINE BLUE
-17.382	0.564
-17.362	0.574
POLYLINE BLUE
-17.412	0.764
-17.422	0.744
-17.392	0.584
-17.352	0.504
POLYLINE BLUE
-17.602	0.714
-17.542	0.724
POLYLINE BLUE
-17.612	0.654
-17.592	0.644
-17.532	0.664
POLYLINE BLUE
-17.572	0.574
-17.482	0.604
POLYLINE BLUE
-17.542	0.484
-17.512	0.514
POLYLINE BLUE
-17.612	0.704
-17.602	0.724
-17.552	0.494
-17.492	0.404
-17.472	0.414
POLYLINE BLUE
-17.372	0.454
-17.212	0.554
POLYLINE BLUE
-17.542	0.774
-17.542	0.794
-17.512	0.784
-17.462	0.824
-17.402	0.854
POLYLINE BLUE
-17.532	0.724
-17.532	0.754
-17.512	0.764
-17.472	0.754
POLYLINE BLUE
-17.622	0.314
-17.632	0.354
-17.562	0.414
-17.502	0.434
-17.482	0.424
-17.312	0.514
POLYLINE BLUE
-17.672	0.774
-17.682	0.794
-17.602	0.764
-17.522	0.794
POLYLINE BLUE
-18.732	0.904
-18.832	0.964
-18.972	1.034
-19.072	1.054
-19.172	1.114
-19.282	1.114
POLYLINE BLUE
-18.432	0.844
-18.592	0.894
-18.672	0.904
-18.712	0.934
-18.732	0.924
-19.072	1.064
-19.152	1.074
-19.312	1.144
POLYLINE BLUE
-18.742	0.684
-18.882	0.794
-18.982	0.844
-19.352	1.084
POLYLINE BLUE
-17.792	0.714
-17.792	0.694
POLYLINE BLUE
-17.852	0.774
-17.862	0.754
POLYLINE BLUE
-17.952	0.774
-17.952	0.774
POLYLINE BLUE
-18.032	0.874
-18.062	0.804
POLYLINE BLUE
-18.132	0.864
-18.132	0.844
POLYLINE BLUE
-18.212	0.824
-18.212	0.844
-18.002	0.794
POLYLINE BLUE
-17.862	1.104
-17.862	1.124
POLYLINE BLUE
-17.592	1.144
-17.582	1.094
POLYLINE BLUE
-17.672	1.154
-17.702	1.044
POLYLINE BLUE
-17.742	1.154
-17.732	1.084
POLYLINE BLUE
-17.832	1.114
-17.832	1.094
POLYLINE BLUE
-17.952	1.054
-17.962	1.074
-17.962	1.054
-17.692	1.074
-17.612	1.044
POLYLINE BLUE
-17.662	0.864
POLYLINE BLUE
-17.712	0.924
-17.752	0.854
POLYLINE BLUE
-17.822	0.964
-17.822	0.864
POLYLINE BLUE
-17.922	1.004
-17.942	0.864
POLYLINE BLUE
-17.982	1.024
-18.042	0.944
POLYLINE BLUE
-18.012	1.124
-18.012	1.104
-18.042	1.064
POLYLINE BLUE
-18.122	1.154
-18.102	1.174
-18.162	1.114
POLYLINE BLUE
-18.092	1.114
-18.022	0.924
-17.962	0.904
-17.942	0.914
-17.922	0.894
-17.862	0.914
-17.852	0.894
-17.812	0.894
-17.662	0.824
-17.652	0.804
POLYLINE BLUE
-18.192	1.224
-18.192	1.244
-18.212	1.224
-18.232	1.234
-18.282	1.204
-18.282	1.164
-18.312	1.084
-18.252	0.944
-18.262	0.864
POLYLINE BLUE
-18.022	1.004
-18.022	1.004
-17.982	0.924
POLYLINE BLUE
-18.182	1.204
-18.162	1.214
-18.072	1.154
-18.022	1.014
POLYLINE BLUE
-17.662	0.394
-17.652	0.624
-17.632	0.784
-17.622	0.844
-17.502	0.944
POLYLINE BLUE
-17.822	0.294
-17.822	0.274
-17.952	0.344
-17.992	0.324
-17.992	0.304
-17.922	0.254
POLYLINE BLUE
-17.592	0.134
-17.742	0.254
-17.802	0.234
-17.812	0.214
-17.762	0.114
-17.692	0.054
-17.562	0.114
POLYLINE BLUE
-17.142	-0.266
-17.182	-0.236
POLYLINE BLUE
-17.112	-0.236
-17.152	-0.196
POLYLINE BLUE
-17.082	-0.216
-17.152	-0.286
POLYLINE BLUE
-17.372	-0.036
-17.382	-0.016
POLYLINE BLUE
-17.392	-0.086
-17.412	-0.096
-17.482	-0.036
POLYLINE BLUE
-17.352	-0.056
-17.472	0.034
POLYLINE BLUE
-17.322	-0.016
-17.412	-0.106
POLYLINE BLUE
-17.692	0.454
-17.692	0.474
-17.622	0.374
-17.612	0.324
-17.392	0.084
-16.922	-0.326
POLYLINE BLUE
-17.932	0.214
-17.592	-0.016
-17.532	-0.046
-17.362	-0.176
-17.022	-0.376
POLYLINE BLUE
-18.272	0.854
-18.212	0.844
-18.232	0.834
-18.412	0.884
POLYLINE BLUE
-18.462	0.474
-18.452	0.494
-18.692	0.674
-18.962	0.834
-18.982	0.824
POLYLINE BLUE
-18.452	0.494
-18.452	0.514
-18.242	0.374
-18.222	0.374
-18.182	0.344
-18.162	0.354
-18.042	0.304
-18.022	0.274
-17.922	0.234
POLYLINE BLUE
-19.792	4.294
-19.812	4.304
POLYLINE BLUE
-17.422	1.534
-17.522	1.444
-17.542	1.314
-17.512	1.104
-17.492	0.914
POLYLINE BLUE
-18.212	1.204
-18.152	1.184
-18.122	1.144
POLYLINE BLUE
-17.302	1.884
-17.292	1.834
-17.312	1.754
-17.472	1.514
POLYLINE BLUE
-17.352	1.664
-17.372	1.674
-17.432	1.604
-17.442	1.584
POLYLINE BLUE
-18.792	1.644
-18.722	1.574
-18.542	1.464
-18.472	1.454
-18.382	1.384
-18.272	1.294
-18.242	1.244
-18.162	1.204
-18.132	1.144
POLYLINE BLUE
-18.952	2.994
-18.992	2.914
-18.982	2.734
-18.902	2.584
-18.832	2.484
-18.762	2.304
-18.772	2.214
-18.762	2.124
-18.782	2.024
-18.772	1.954
-18.802	1.814
-18.802	1.724
-18.782	1.684
-18.822	1.594
POLYLINE BLUE
-18.172	3.844
-18.182	3.864
-18.032	3.604
-17.952	3.514
-17.822	3.334
-17.782	3.164
-17.752	2.894
POLYLINE BLUE
-18.982	2.994
-18.892	3.164
-18.862	3.394
-18.732	3.604
-18.692	3.694
-18.672	3.754
-18.622	3.804
-18.602	3.794
-18.452	3.944
-18.442	4.014
-18.452	4.054
POLYLINE BLUE
-18.302	4.674
-18.272	4.754
POLYLINE BLUE
-18.372	4.754
-18.342	4.794
POLYLINE BLUE
-18.522	4.774
-18.532	4.814
-18.512	4.804
-18.442	4.814
-18.302	4.694
-18.292	4.594
POLYLINE BLUE
-18.342	4.834
-18.352	4.854
-18.342	4.894
POLYLINE BLUE
-18.412	4.804
-18.412	4.844
-18.392	4.904
POLYLINE BLUE
-18.502	4.764
-18.472	4.874
POLYLINE BLUE
-18.552	4.834
-18.552	4.884
POLYLINE BLUE
-18.322	4.654
-18.332	4.674
-18.322	4.544
-18.252	4.274
-18.202	4.014
-18.132	3.794
POLYLINE BLUE
-18.612	4.824
-18.582	4.644
-18.562	4.394
-18.552	4.314
-18.512	4.224
-18.442	4.104
-18.382	3.964
POLYLINE GREEN
-20.872	4.864
-20.872	4.894
POLYLINE GREEN
-21.132	4.954
-21.122	5.024
-21.082	5.044
-21.022	4.984
-21.012	4.944
POLYLINE GREEN
-20.962	5.214
-20.972	5.234
-20.952	5.084
POLYLINE GREEN
-20.072	5.614
-20.152	5.524
-20.292	5.444
-20.482	5.414
-20.692	5.354
-20.882	5.254
POLYLINE GREEN
-20.562	4.914
-20.672	4.944
-20.862	5.064
POLYLINE GREEN
-19.522	5.424
-19.582	5.414
-19.672	5.344
-19.692	5.344
-19.852	5.174
-19.952	5.054
-20.052	4.984
-20.192	4.944
-20.252	4.904
-20.352	4.894
-20.472	4.864
POLYLINE GREEN
-19.532	5.684
-19.592	5.674
-19.642	5.624
-19.652	5.544
-19.702	5.484
-19.742	5.484
-19.802	5.554
-19.822	5.554
-19.902	5.614
-19.922	5.614
-19.962	5.634
-20.002	5.624
-20.022	5.644
-20.062	5.624
-20.132	5.624
POLYLINE GREEN
-19.172	5.564
-19.342	5.714
-19.402	5.704
-19.442	5.724
-19.502	5.704
-19.562	5.714
POLYLINE GREEN
-19.192	5.194
-19.352	5.344
-19.472	5.424
-19.522	5.454
-19.542	5.444
-19.612	5.494
POLYLINE BLACK
-17.542	4.554
POLYLINE BLACK
-17.062	6.264
-17.062	6.284
POLYLINE GREEN
-18.632	5.864
POLYLINE GREEN
-18.532	5.934
POLYLINE GREEN
-18.472	6.034
-18.472	5.994
POLYLINE GREEN
-18.452	6.124
-18.462	6.084
POLYLINE GREEN
-18.742	5.954
POLYLINE GREEN
-18.772	6.034
-18.772	6.014
POLYLINE GREEN
-18.802	6.144
-18.802	6.104
POLYLINE GREEN
-18.782	6.244
-18.802	6.204
POLYLINE GREEN
-18.692	6.344
-18.732	6.344
POLYLINE GREEN
-18.532	6.284
-18.622	6.394
POLYLINE GREEN
-18.452	6.144
-18.482	6.234
POLYLINE GREEN
-18.742	5.764
-18.752	5.894
POLYLINE GREEN
-18.572	5.504
-18.622	5.564
POLYLINE GREEN
-18.422	5.464
-18.482	5.454
POLYLINE GREEN
-18.242	5.604
-18.282	5.524
POLYLINE GREEN
-18.702	5.774
-18.712	5.644
POLYLINE GREEN
-18.662	5.924
-18.682	5.924
-18.702	5.884
POLYLINE GREEN
-18.562	6.034
-18.622	6.044
POLYLINE GREEN
-18.412	5.984
-18.492	6.044
POLYLINE GREEN
-18.312	5.804
-18.322	5.864
POLYLINE GREEN
-18.232	5.624
-18.242	5.674
POLYLINE BLACK
-23.253	14.624
POLYLINE GREEN
-20.793	8.099
-20.808	8.189
-20.928	8.279
-21.138	8.399
-21.258	8.534
-21.363	8.624
-21.393	8.669
-21.258	8.834
-21.108	8.894
-21.018	8.849
-20.988	8.849
-20.778	8.684
-20.598	8.579
-20.478	8.474
-20.208	8.234
POLYLINE GREEN
-20.763	8.144
-20.763	8.174
-20.868	8.294
-20.988	8.339
POLYLINE GREEN
-19.458	7.709
-19.473	7.769
-19.638	7.904
-20.013	8.054
-20.253	8.249
POLYLINE GREEN
-19.623	7.274
-19.608	7.349
-19.788	7.514
-19.818	7.499
-19.863	7.559
-19.893	7.544
-20.103	7.649
-20.193	7.634
-20.208	7.664
-20.328	7.679
-20.388	7.694
-20.448	7.679
-20.688	7.769
-20.778	7.934
-20.763	8.249
-20.793	8.309
POLYLINE GREEN
-18.243	5.729
-18.558	6.419
-18.918	7.124
-19.143	7.364
-19.263	7.544
-19.458	7.754
POLYLINE GREEN
-18.903	5.984
-18.933	6.134
-19.098	6.644
-19.338	6.989
-19.533	7.259
-19.638	7.364
POLYLINE GREEN
-18.573	4.784
-18.588	4.844
-18.873	5.039
-19.008	5.114
-19.248	5.264
POLYLINE GREEN
-19.083	5.474
-19.083	5.504
-19.263	5.684
POLYLINE GREEN
-18.993	5.429
-18.993	5.459
-19.023	5.489
-19.053	5.474
-19.158	5.609
-19.203	5.714
POLYLINE GREEN
-19.068	5.489
-19.098	5.474
-18.918	5.489
-18.813	5.714
-18.828	5.894
-18.903	6.074
POLYLINE GREEN
-17.913	5.744
-18.048	5.684
-18.228	5.714
-18.303	5.864
POLYLINE GREEN
-18.168	4.529
-18.213	4.484
-18.333	4.574
-18.393	4.724
-18.528	4.844
-18.558	4.844
-18.573	4.874
POLYLINE GREEN
-17.823	5.234
-17.823	5.234
-17.988	5.039
-18.018	4.919
-18.138	4.559
-18.183	4.499
POLYLINE GREEN
-17.883	5.759
-17.883	5.789
-18.033	5.654
POLYLINE GREEN
-17.283	5.879
-17.658	5.624
-17.748	5.474
-17.793	5.309
-17.823	5.234
POLYLINE GREEN
-17.533	6.129
-17.543	6.199
-17.683	6.069
-17.783	5.929
-17.873	5.819
POLYLINE GREEN
-17.013	5.879
-17.023	5.929
-17.103	5.939
-17.223	5.889
POLYLINE GREEN
-17.083	6.309
-17.103	6.319
-17.143	6.309
-17.233	6.329
-17.333	6.289
-17.373	6.299
-17.473	6.249
-17.563	6.209
-17.573	6.189
POLYLINE GREEN
-16.943	6.229
-16.943	6.269
-17.003	6.299
-17.103	6.309
-17.113	6.289
POLYLINE GREEN
-16.043	5.489
-16.293	5.689
-16.313	5.689
-16.373	5.749
-16.413	5.749
-16.433	5.769
-16.453	5.759
-16.573	5.829
-16.613	5.829
-16.773	5.909
-16.873	5.929
-16.913	5.919
-17.083	5.959
-17.103	5.939
POLYLINE GREEN
-16.043	5.829
-16.123	5.889
-16.183	5.899
-16.203	5.919
-16.223	5.909
-16.473	6.049
-16.573	6.099
-16.593	6.089
-16.753	6.179
-16.773	6.179
-16.873	6.239
-16.963	6.279
POLYLINE GREEN
-16.033	5.829
-16.033	5.849
-16.113	5.919
-16.133	5.909
-16.213	5.979
-16.313	5.999
POLYLINE GREEN
-15.673	5.069
-15.723	5.209
-15.853	5.369
-15.873	5.359
-16.133	5.579
POLYLINE GREEN
-15.463	5.319
-15.453	5.359
-15.643	5.539
-15.993	5.809
-16.153	5.919
POLYLINE GREEN
-15.383	5.229
-15.473	5.459
POLYLINE GREEN
-15.653	5.129
-15.663	5.079
-15.653	5.109
-15.733	5.289
POLYLINE GREEN
-14.853	3.549
-14.853	3.549
-14.923	3.539
POLYLINE GREEN
-14.753	3.289
-14.783	3.289
-14.863	3.339
-14.863	3.359
-14.733	3.479
-14.823	3.389
-14.913	3.359
-14.933	3.369
-14.933	3.409
-14.863	3.439
-14.803	3.419
-14.843	3.529
POLYLINE GREEN
-14.803	3.309
-14.693	3.409
POLYLINE GREEN
-14.793	3.109
-14.763	3.229
-14.923	3.169
POLYLINE GREEN
-14.623	3.229
-14.753	3.249
-14.763	3.269
POLYLINE GREEN
-14.613	3.249
-14.693	3.309
POLYLINE GREEN
-14.663	3.209
-14.603	3.289
-14.623	3.339
POLYLINE GREEN
-14.633	3.249
-14.653	3.249
POLYLINE GREEN
-14.583	3.159
-14.593	3.119
-14.513	3.239
-14.543	3.249
-14.663	3.159
POLYLINE GREEN
-14.273	4.019
-14.263	4.039
POLYLINE GREEN
-14.373	4.029
-14.343	4.069
POLYLINE GREEN
-14.453	4.049
-14.433	4.099
-14.413	4.119
POLYLINE GREEN
-14.543	4.039
-14.543	4.059
POLYLINE GREEN
-14.673	4.019
-14.673	4.069
POLYLINE GREEN
-14.773	4.029
-14.783	4.109
POLYLINE GREEN
-14.853	4.009
-14.923	4.069
POLYLINE GREEN
-14.963	3.929
-14.873	3.949
POLYLINE GREEN
-14.893	3.869
-14.853	3.899
POLYLINE GREEN
-14.823	3.849
-14.783	3.869
POLYLINE GREEN
-14.733	3.789
-14.693	3.859
POLYLINE GREEN
-14.713	3.749
-14.713	3.769
-14.623	3.809
POLYLINE GREEN
-14.623	3.709
-14.593	3.749
POLYLINE GREEN
-14.883	3.779
-14.883	3.809
-15.023	3.909
-15.033	3.929
-14.993	3.979
-14.973	4.049
-14.933	4.099
-14.813	4.119
-14.773	4.099
-14.593	4.129
-14.313	4.089
POLYLINE GREEN
-14.753	3.759
-14.573	3.659
POLYLINE GREEN
-15.043	3.559
-15.043	3.579
-14.973	3.659
-14.933	3.769
-14.853	3.809
-14.753	3.769
POLYLINE GREEN
-14.363	4.109
-14.263	4.069
POLYLINE GREEN
-14.363	4.109
-14.363	4.129
-14.333	4.089
POLYLINE GREEN
-14.343	4.459
-14.383	4.449
-14.443	4.399
-14.403	4.139
-14.383	4.079
-14.323	4.009
POLYLINE GREEN
-15.373	3.609
-15.393	3.629
-15.453	3.609
-15.503	3.559
POLYLINE GREEN
-15.253	3.479
-15.313	3.499
-15.323	3.609
-15.403	3.629
-15.503	3.579
POLYLINE GREEN
-14.803	3.719
-14.833	3.739
-14.913	3.699
-14.983	3.639
-15.003	3.639
-15.163	3.549
-15.353	3.499
-15.413	3.519
POLYLINE GREEN
-16.043	3.869
-15.873	4.079
-15.813	4.179
-15.803	4.309
-15.773	4.449
-15.723	4.559
-15.733	4.729
-15.743	4.879
-15.653	4.969
-15.693	5.049
POLYLINE GREEN
-14.943	4.389
-14.943	4.409
-15.003	4.429
-15.023	4.419
-15.043	4.459
-15.063	4.459
-15.183	4.619
-15.283	4.889
-15.293	4.949
-15.313	4.989
-15.333	5.119
-15.373	5.199
-15.383	5.269
POLYLINE GREEN
-14.583	5.689
-14.543	5.559
-14.553	5.339
-14.573	5.189
-14.693	4.699
-14.753	4.569
-14.793	4.439
-14.873	4.399
POLYLINE GREEN
-14.053	5.519
-14.053	5.539
-14.153	5.239
-14.173	5.149
-14.243	4.859
-14.283	4.779
-14.303	4.629
-14.383	4.449
POLYLINE GREEN
-13.973	5.509
-13.983	5.549
POLYLINE GREEN
-13.923	5.579
-13.953	5.609
POLYLINE GREEN
-13.873	5.649
-13.873	5.629
-13.883	5.649
POLYLINE GREEN
-13.803	5.649
-13.813	5.719
POLYLINE GREEN
-13.703	5.619
-13.763	5.769
-13.863	5.729
-13.983	5.629
-14.073	5.439
POLYLINE GREEN
-13.443	5.679
-13.463	5.729
POLYLINE GREEN
-13.723	5.499
-13.703	5.599
-13.653	5.769
POLYLINE GREEN
-13.613	5.779
-13.703	5.569
POLYLINE GREEN
-13.823	5.239
-13.823	5.279
-13.843	5.309
POLYLINE GREEN
-13.783	5.249
-13.793	5.309
POLYLINE GREEN
-13.693	5.289
-13.753	5.329
-13.863	5.319
POLYLINE GREEN
-13.903	5.369
-13.903	5.399
POLYLINE GREEN
-13.853	5.419
-13.873	5.449
POLYLINE GREEN
-13.773	5.409
-13.783	5.489
POLYLINE GREEN
-13.713	5.449
-13.713	5.469
-13.823	5.499
-13.913	5.449
-13.953	5.319
POLYLINE GREEN
-14.053	5.419
-14.053	5.439
-14.033	5.439
-13.893	5.259
-13.893	5.229
-13.823	5.089
POLYLINE GREEN
-13.723	5.629
-13.703	5.609
-13.693	5.219
POLYLINE GREEN
-14.003	5.519
-14.023	5.499
POLYLINE GREEN
-13.883	5.639
-13.903	5.629
POLYLINE GREEN
-13.773	5.709
-13.773	5.729
POLYLINE GREEN
-13.413	5.719
-13.463	5.749
-13.483	5.749
-13.573	5.809
-13.673	5.769
POLYLINE GREEN
-14.503	6.939
-14.533	7.049
-14.633	7.119
POLYLINE GREEN
-13.893	6.559
-13.913	6.609
-13.913	6.589
-14.033	6.639
-14.093	6.709
-14.133	6.719
-14.253	6.789
-14.353	6.849
-14.613	7.089
POLYLINE GREEN
-14.683	6.459
-14.743	6.609
-14.823	6.729
-14.903	6.799
POLYLINE GREEN
-13.933	6.559
-13.933	6.589
-13.993	6.619
-14.143	6.819
POLYLINE GREEN
-13.923	6.639
-13.923	6.659
-13.933	6.599
-13.993	6.619
-14.043	6.669
POLYLINE GREEN
-14.623	5.769
-14.633	5.799
-14.573	5.989
-14.553	6.069
-14.533	6.249
-14.563	6.349
-14.583	6.349
-14.733	6.529
POLYLINE GREEN
-14.013	5.569
-14.033	5.559
POLYLINE GREEN
-13.913	6.869
-13.913	6.889
-13.853	6.769
-13.843	6.789
POLYLINE GREEN
-13.843	6.819
-13.853	6.839
-13.863	6.819
-13.933	6.889
-13.903	6.819
POLYLINE GREEN
-14.243	6.499
-14.243	6.499
-14.083	6.259
-13.983	6.159
-13.963	6.159
-13.913	6.199
-13.873	6.249
-13.853	6.379
-13.923	6.669
-14.003	6.879
POLYLINE GREEN
-11.413	7.119
POLYLINE GREEN
-11.403	6.979
-11.403	6.999
-11.383	6.999
POLYLINE GREEN
-11.423	6.909
-11.383	6.899
POLYLINE GREEN
-11.463	6.809
-11.403	6.799
POLYLINE GREEN
-11.473	7.169
-11.473	7.169
POLYLINE GREEN
-11.553	7.159
-11.553	7.099
POLYLINE GREEN
-11.643	7.079
-11.633	7.059
POLYLINE GREEN
-11.703	6.999
-11.673	6.969
POLYLINE GREEN
-11.753	6.989
-11.733	6.989
-11.723	6.969
POLYLINE GREEN
-11.693	7.019
-11.643	7.099
-11.623	7.099
-11.383	7.249
-11.343	7.259
-11.333	7.199
POLYLINE GREEN
-11.373	7.159
-11.373	7.179
-11.383	7.139
-11.353	6.969
-11.363	6.869
-11.413	6.729
-11.523	6.579
-11.473	6.529
-11.413	6.539
-11.343	6.599
POLYLINE GREEN
-12.063	5.789
-11.883	5.889
-11.823	5.929
-11.823	5.969
-11.843	6.039
-11.853	6.099
-11.993	6.119
-12.013	6.109
-12.103	5.769
POLYLINE GREEN
-11.323	6.349
-11.263	6.359
-11.243	6.379
-11.303	6.519
-11.423	6.499
-11.433	6.479
-11.333	6.339
POLYLINE GREEN
-11.793	6.109
-11.623	6.059
-11.613	6.039
-11.613	6.059
-11.573	6.069
-11.433	6.239
-11.493	6.419
-11.773	6.329
-11.833	6.229
-11.793	6.109
POLYLINE GREEN
-11.703	5.669
-11.553	5.729
-11.493	5.809
-11.563	5.959
-11.833	5.899
-11.843	5.879
-11.753	5.619
POLYLINE GREEN
-11.483	5.839
-11.403	5.879
-11.343	5.879
-11.323	5.899
-11.263	5.899
-11.243	5.919
-11.233	5.979
-11.243	6.079
-11.433	6.089
-11.473	6.109
-11.513	5.979
-11.523	5.869
POLYLINE GREEN
-13.383	6.679
-13.373	6.699
POLYLINE GREEN
-13.243	6.579
-13.243	6.599
POLYLINE GREEN
-13.143	6.439
-13.133	6.489
POLYLINE GREEN
-12.973	6.369
-12.973	6.399
POLYLINE GREEN
-12.823	6.339
-12.813	6.379
POLYLINE GREEN
-12.733	6.259
-12.713	6.349
POLYLINE GREEN
-12.533	6.319
-12.533	6.339
POLYLINE GREEN
-12.383	6.359
POLYLINE GREEN
-12.163	6.449
-12.193	6.489
POLYLINE GREEN
-12.043	6.529
POLYLINE GREEN
-11.973	6.609
-11.973	6.629
POLYLINE GREEN
-11.883	6.619
-11.893	6.659
-11.913	6.669
POLYLINE GREEN
-13.103	6.449
-13.143	6.579
-13.303	6.659
-13.513	6.789
-13.693	6.839
POLYLINE GREEN
-13.023	6.469
-13.073	6.469
POLYLINE GREEN
-11.853	6.789
-11.883	6.789
-12.123	6.529
-12.293	6.439
-12.353	6.399
-12.563	6.339
-12.583	6.349
-12.603	6.329
-12.723	6.359
-12.783	6.349
-12.903	6.379
-13.003	6.449
POLYLINE GREEN
-11.643	7.069
-11.863	6.839
-11.883	6.829
POLYLINE GREEN
-11.683	5.179
-11.673	5.319
POLYLINE GREEN
-11.823	5.199
-11.803	5.319
POLYLINE GREEN
-11.973	5.189
-11.953	5.259
POLYLINE GREEN
-12.123	5.219
-12.093	5.289
POLYLINE GREEN
-12.263	5.199
-12.193	5.329
POLYLINE GREEN
-12.383	5.289
-12.323	5.349
POLYLINE GREEN
-12.493	5.359
-12.443	5.439
POLYLINE GREEN
-12.633	5.409
-12.593	5.469
POLYLINE GREEN
-12.733	5.469
-12.693	5.539
POLYLINE GREEN
-12.823	5.579
-12.803	5.599
POLYLINE GREEN
-12.933	5.639
-12.943	5.619
-12.903	5.649
POLYLINE GREEN
-12.213	5.219
-12.223	5.259
-12.393	5.289
-12.483	5.379
-12.663	5.449
-12.713	5.489
-12.813	5.529
-12.963	5.669
-13.053	5.699
-13.123	5.739
-13.313	5.789
-13.473	5.779
POLYLINE GREEN
-11.473	5.219
-11.513	5.259
-11.763	5.189
-11.843	5.199
-11.863	5.219
-12.003	5.179
-12.103	5.219
POLYLINE GREEN
-11.213	5.539
-11.223	5.579
-11.183	5.749
-11.103	6.029
POLYLINE GREEN
-12.183	4.829
-12.183	4.849
-12.163	4.849
-12.143	4.869
-12.143	4.849
-12.083	4.849
-11.903	4.939
-11.903	4.959
-11.863	4.969
-11.653	5.089
-11.593	5.099
-11.423	5.239
-11.363	5.259
-11.323	5.309
-11.183	5.619
POLYLINE GREEN
-12.213	4.839
-12.313	4.899
-12.443	4.889
-12.663	4.919
-12.683	4.939
-12.723	4.929
-12.923	5.029
-13.193	5.219
-13.333	5.449
-13.363	5.499
-13.393	5.599
-13.433	5.659
POLYLINE GREEN
-12.223	4.669
-12.223	4.699
POLYLINE GREEN
-11.943	6.959
-11.853	7.019
-11.803	7.039
POLYLINE GREEN
-12.123	6.799
-12.033	6.879
POLYLINE GREEN
-12.293	6.579
-12.213	6.659
POLYLINE GREEN
-12.553	6.469
-12.493	6.439
-12.413	6.489
POLYLINE GREEN
-12.803	6.579
-12.803	6.599
-12.683	6.499
POLYLINE GREEN
-13.043	6.799
-12.943	6.689
POLYLINE GREEN
-13.173	6.939
-13.203	7.009
-13.193	7.029
-13.113	6.929
-13.093	6.929
POLYLINE GREEN
-13.483	7.159
-13.373	7.149
-13.283	7.109
POLYLINE GREEN
-12.173	7.049
-12.173	7.069
-12.253	7.109
-12.293	7.109
-12.313	7.089
-12.333	7.099
-12.353	7.089
-12.413	7.099
-12.473	7.089
-12.493	7.099
-12.513	7.089
-12.543	7.119
-12.603	7.129
-12.783	7.229
-12.863	7.209
-13.043	7.249
-13.203	7.229
-13.283	7.239
-13.303	7.259
-13.323	7.239
-13.363	7.259
-13.383	7.249
-13.433	7.279
-13.453	7.279
-13.493	7.219
-13.553	7.079
-13.693	7.019
-13.803	6.899
-13.873	6.789
-13.913	6.759
POLYLINE GREEN
-11.043	6.409
-11.083	6.719
-11.113	6.849
-11.143	7.019
-11.133	7.069
-11.143	7.219
POLYLINE GREEN
-11.123	5.919
-11.043	6.399
-11.073	6.519
POLYLINE GREEN
-12.133	7.039
-12.033	7.019
-11.923	7.029
-11.783	7.099
-11.763	7.099
-11.613	7.229
-11.613	7.249
-11.523	7.329
-11.483	7.429
POLYLINE BLACK
-11.573	5.339
-11.573	5.429
-11.533	5.429
-11.493	5.379
-11.483	5.429
-11.503	5.449
POLYLINE BLACK
-11.203	5.609
-11.213	5.629
-11.203	5.559
-11.163	5.579
POLYLINE BLACK
-11.313	5.539
-11.323	5.589
-11.363	5.599
-11.363	5.579
-11.323	5.509
-11.293	5.569
-11.303	5.619
POLYLINE BLACK
-11.313	5.619
POLYLINE BLACK
-11.393	5.599
POLYLINE BLACK
-11.473	5.529
-11.473	5.569
-11.453	5.499
POLYLINE BLACK
-11.263	5.599
-11.263	5.639
-11.183	5.619
-11.183	5.599
-11.163	5.599
-11.083	5.439
POLYLINE BLACK
-11.533	5.499
-11.523	5.539
-11.423	5.609
-11.403	5.609
-11.383	5.629
-11.323	5.619
POLYLINE BLACK
-11.013	6.199
-11.013	6.219
-10.873	6.399
POLYLINE BLACK
-10.983	5.479
-10.953	5.639
-10.843	5.789
-10.453	6.489
POLYLINE BLACK
-11.013	5.239
-10.983	5.459
POLYLINE BLACK
-11.353	5.839
-11.223	6.029
-11.003	6.249
POLYLINE BLACK
-11.503	5.569
-11.483	5.659
-11.413	5.789
POLYLINE BLACK
-11.663	5.249
-11.583	5.349
-11.553	5.429
-11.553	5.479
-11.513	5.559
POLYLINE BLACK
-10.353	3.819
-10.363	3.839
-10.373	3.589
POLYLINE BLACK
-10.123	3.379
-10.123	3.409
-10.193	3.239
-10.203	3.169
POLYLINE BLACK
-10.053	3.629
-10.153	3.279
POLYLINE BLACK
-11.443	3.249
-11.443	3.269
-11.263	3.119
-11.143	2.929
POLYLINE BLACK
-11.553	5.119
-11.553	5.159
-11.513	5.179
-11.493	5.169
-11.523	5.279
-11.413	5.299
-11.413	5.399
-11.363	5.359
-11.343	5.399
-11.333	5.439
POLYLINE BLACK
-11.043	4.949
-11.053	5.019
-11.083	5.129
-11.043	5.129
-11.023	5.149
-11.093	5.199
-11.093	5.219
-11.033	5.309
-11.053	5.319
-11.093	5.309
-11.113	5.339
-11.093	5.379
POLYLINE BLACK
-11.523	5.019
-11.523	5.039
-11.453	5.099
-11.423	5.019
-11.363	5.029
-11.333	4.999
-11.333	4.959
-11.253	5.019
-11.233	4.969
POLYLINE BLACK
-11.593	5.209
-11.593	5.229
-11.513	5.259
POLYLINE BLACK
-11.843	5.089
-11.843	5.109
-11.823	5.109
-11.713	5.229
-11.663	5.239
-11.583	5.309
POLYLINE BLACK
-10.833	5.089
-10.953	5.219
-11.013	5.249
-11.073	5.309
-11.203	5.419
-11.223	5.449
POLYLINE BLACK
-10.783	5.049
-10.793	5.089
-11.033	5.299
-11.063	5.349
POLYLINE BLACK
-11.473	4.999
-11.543	5.059
-11.573	5.189
-11.553	5.249
-11.443	5.329
-11.353	5.479
-11.333	5.479
-11.313	5.499
-11.193	5.479
-11.103	5.409
-11.043	5.229
-11.033	5.119
-11.053	5.039
-11.103	4.999
-11.143	4.979
-11.163	4.989
-11.263	4.969
-11.463	5.019
-11.493	5.049
POLYLINE BLACK
-11.773	4.769
-11.513	4.759
-11.263	4.719
POLYLINE BLACK
-11.673	4.589
-11.653	4.609
-11.303	4.589
-10.893	4.529
POLYLINE BLACK
-11.603	4.479
-11.013	4.409
-10.563	4.369
POLYLINE BLACK
-11.493	4.339
-10.583	4.209
POLYLINE BLACK
-11.383	4.159
-10.763	4.069
-10.453	4.049
POLYLINE BLACK
-11.213	3.969
-10.943	3.939
-10.553	3.879
POLYLINE BLACK
-11.113	3.769
-11.073	3.799
-10.673	3.749
-10.443	3.739
POLYLINE BLACK
-11.893	4.699
-11.913	4.739
-11.853	4.709
-11.633	4.369
-11.613	4.369
-11.383	4.079
-11.083	3.679
-10.953	3.539
POLYLINE BLACK
-11.823	3.629
-11.443	3.269
POLYLINE BLACK
-11.873	5.059
-11.873	5.079
-12.013	4.579
-12.043	4.499
-12.013	4.329
-11.953	4.159
-11.933	4.049
-11.953	3.939
-11.893	3.729
-11.853	3.659
POLYLINE BLACK
-11.293	4.839
-11.413	4.919
-11.453	4.909
-11.613	5.009
-11.673	4.999
-11.703	5.039
POLYLINE BLACK
-10.703	4.389
-10.733	4.509
-10.903	4.619
-11.033	4.649
-11.063	4.689
-11.113	4.709
POLYLINE BLACK
-10.513	4.339
-10.613	4.449
-10.743	4.489
POLYLINE BLACK
-10.443	4.279
-10.443	4.299
-10.553	4.409
POLYLINE BLACK
-10.463	4.229
-10.473	4.279
-10.463	4.299
-10.473	4.319
POLYLINE BLACK
-10.383	3.919
-10.443	4.129
-10.453	4.219
POLYLINE BLACK
-11.003	5.139
-11.003	5.159
-11.003	5.159
-10.833	5.069
-10.733	5.049
-10.533	4.959
-10.353	4.899
-10.143	4.799
-9.963	4.749
POLYLINE BLACK
-10.083	3.589
-10.093	3.699
-10.083	3.739
-10.093	3.779
-10.053	4.019
-9.943	4.359
-9.933	4.429
-9.923	4.569
-9.953	4.679

ELEVATION
STATIONS
35.084	-11.510	2.1
36.133	-10.537	2.2
36.477	-11.238	2.3
37.337	-13.683	2.4
37.912	-13.655	2.5
40.328	-13.253	2.6
43.335	-13.026	2.7
44.827	-12.860	2.8
46.681	-12.965	2.9
48.171	-12.350	2.10
50.816	-12.279	2.11
52.922	-12.048	2.12
49.503	-12.101	2.13
50.801	-10.635	2.14
47.549	-11.422	2.15
45.298	-11.049	2.16
44.052	-10.611	2.17
43.151	-8.934	2.18
41.315	-11.063	2.19
43.404	-9.701	2.20
41.356	-8.110	2.21
40.631	-6.121	2.22
41.880	-12.568	2.23
44.616	-13.511	2.24
34.892	-13.522	2.25
33.133	-14.652	2.26
31.230	-20.492	2.27
31.858	-23.603	2.28
32.786	-24.089	2.29
33.849	-27.205	2.30
34.091	-28.960	2.31
35.002	-29.659	2.32
45.976	-15.303	2.33
47.069	-15.638	2.34
50.871	-16.035	2.35
52.355	-16.165	2.36
54.674	-16.542	2.37
56.076	-16.341	2.38
60.764	-13.927	2.39
SHOTS
41.880	-12.568	41.315	-11.063
56.076	-16.341	60.764	-13.927
54.674	-16.542	56.076	-16.341
52.355	-16.165	54.674	-16.542
54.674	-16.542	55.851	-16.110
54.674	-16.542	54.468	-16.486
54.674	-16.542	54.283	-16.416
54.674	-16.542	53.953	-16.384
54.674	-16.542	53.199	-16.299
54.674	-16.542	52.880	-16.436
54.674	-16.542	52.533	-16.359
54.674	-16.542	52.139	-16.269
50.871	-16.035	52.355	-16.165
52.355	-16.165	51.778	-15.981
52.355	-16.165	51.455	-16.096
52.355	-16.165	51.288	-16.170
52.355	-16.165	51.910	-16.078
52.355	-16.165	53.252	-13.258
52.355	-16.165	53.268	-15.970
52.355	-16.165	53.227	-16.063
47.069	-15.638	50.871	-16.035
50.871	-16.035	50.071	-16.051
50.871	-16.035	50.507	-15.998
50.871	-16.035	50.991	-15.977
50.871	-16.035	51.705	-15.962
50.871	-16.035	50.114	-15.952
50.871	-16.035	50.066	-15.742
50.871	-16.035	50.048	-15.607
50.871	-16.035	50.067	-15.409
50.871	-16.035	50.540	-15.633
45.976	-15.303	47.069	-15.638
47.069	-15.638	47.250	-15.473
47.069	-15.638	46.491	-15.215
47.069	-15.638	46.447	-15.322
47.069	-15.638	45.777	-15.133
47.069	-15.638	47.670	-15.732
47.069	-15.638	48.188	-15.706
47.069	-15.638	48.468	-15.745
47.069	-15.638	47.805	-15.662
47.069	-15.638	48.956	-15.667
47.069	-15.638	49.554	-15.674
44.616	-13.511	45.976	-15.303
45.976	-15.303	45.361	-15.017
45.976	-15.303	44.848	-14.625
45.976	-15.303	45.312	-14.488
43.335	-13.026	44.616	-13.511
44.616	-13.511	44.099	-13.542
44.616	-13.511	44.366	-13.640
34.091	-28.960	35.002	-29.659
35.002	-29.659	35.394	-30.324
35.002	-29.659	35.626	-30.284
35.002	-29.659	35.647	-30.244
35.002	-29.659	35.432	-30.082
33.849	-27.205	34.091	-28.960
34.091	-28.960	34.103	-29.970
34.091	-28.960	34.645	-30.360
34.091	-28.960	35.141	-30.261
34.091	-28.960	35.269	-29.398
34.091	-28.960	35.250	-28.929
34.091	-28.960	35.451	-29.872
32.786	-24.089	33.849	-27.205
33.849	-27.205	33.045	-27.201
33.849	-27.205	34.099	-27.255
33.849	-27.205	34.143	-27.213
33.849	-27.205	33.308	-27.210
33.849	-27.205	33.546	-27.228
33.849	-27.205	33.152	-27.291
31.858	-23.603	32.786	-24.089
31.230	-20.492	31.858	-23.603
31.858	-23.603	31.991	-23.390
31.858	-23.603	32.770	-23.565
31.858	-23.603	32.744	-23.623
31.858	-23.603	32.767	-23.646
31.858	-23.603	31.149	-23.600
31.858	-23.603	31.221	-23.584
31.858	-23.603	31.317	-23.612
31.858	-23.603	31.054	-23.681
31.858	-23.603	31.066	-23.676
31.858	-23.603	31.703	-23.841
33.133	-14.652	31.230	-20.492
31.230	-20.492	32.161	-19.588
31.230	-20.492	32.087	-20.394
31.230	-20.492	31.420	-20.453
31.230	-20.492	31.633	-20.444
31.230	-20.492	31.991	-20.587
31.230	-20.492	31.933	-20.580
31.230	-20.492	31.733	-20.582
31.230	-20.492	30.817	-20.501
31.230	-20.492	32.960	-17.059
31.230	-20.492	32.519	-17.321
34.892	-13.522	33.133	-14.652
33.133	-14.652	32.661	-14.625
33.133	-14.652	33.506	-14.467
33.133	-14.652	33.270	-14.668
33.133	-14.652	33.800	-14.561
33.133	-14.652	33.552	-15.174
33.133	-14.652	32.989	-15.240
33.133	-14.652	32.698	-15.322
33.133	-14.652	32.530	-15.405
33.133	-14.652	32.858	-15.285
33.133	-14.652	33.254	-15.174
37.912	-13.655	34.892	-13.522
34.892	-13.522	36.224	-13.490
34.892	-13.522	36.771	-13.523
34.892	-13.522	36.093	-13.504
34.892	-13.522	36.942	-13.610
34.892	-13.522	35.157	-13.392
34.892	-13.522	34.943	-13.344
34.892	-13.522	35.328	-13.309
34.892	-13.522	36.057	-13.372
34.892	-13.522	36.146	-13.479
34.892	-13.522	34.245	-13.303
34.892	-13.522	33.298	-13.188
34.892	-13.522	33.123	-13.361
34.892	-13.522	33.164	-13.715
34.892	-13.522	34.604	-13.683
34.892	-13.522	33.692	-13.911
34.892	-13.522	33.939	-14.381
34.892	-13.522	33.858	-12.615
34.892	-13.522	33.806	-11.655
34.892	-13.522	34.129	-11.478
34.892	-13.522	34.888	-13.081
34.892	-13.522	35.387	-14.009
34.892	-13.522	33.610	-12.777
34.892	-13.522	33.549	-12.863
43.335	-13.026	41.880	-12.568
41.880	-12.568	43.158	-12.799
41.880	-12.568	42.773	-12.634
41.880	-12.568	42.451	-12.583
41.880	-12.568	42.591	-12.630
41.880	-12.568	42.001	-12.572
41.880	-12.568	42.005	-12.410
41.356	-8.110	40.631	-6.121
43.404	-9.701	41.356	-8.110
41.356	-8.110	41.462	-8.061
41.356	-8.110	41.529	-8.045
41.356	-8.110	41.411	-8.442
41.356	-8.110	41.440	-7.850
41.356	-8.110	41.130	-7.623
41.356	-8.110	40.850	-7.197
41.356	-8.110	40.542	-6.810
44.030	-11.002	43.404	-9.701
45.298	-11.049	44.030	-11.002
44.030	-11.002	44.000	-10.998
44.030	-11.002	45.070	-11.141
44.030	-11.002	44.571	-11.040
44.030	-11.002	44.400	-10.875
44.030	-11.002	44.144	-10.719
44.030	-11.002	43.934	-10.875
44.030	-11.002	43.462	-10.971
44.030	-11.002	44.011	-11.442
44.030	-11.002	43.020	-11.344
44.030	-11.002	44.049	-10.359
44.030	-11.002	43.234	-8.665
44.030	-11.002	42.023	-7.960
44.030	-11.002	42.734	-10.854
44.030	-11.002	42.626	-10.199
44.030	-11.002	42.630	-9.850
44.030	-11.002	42.123	-9.068
44.052	-10.611	43.151	-8.934
43.151	-8.934	43.466	-9.181
43.151	-8.934	42.923	-8.925
43.151	-8.934	43.284	-8.856
43.151	-8.934	43.522	-8.821
43.151	-8.934	43.610	-9.046
43.151	-8.934	43.744	-9.000
43.151	-8.934	42.539	-8.429
43.151	-8.934	42.355	-7.699
43.151	-8.934	42.681	-7.910
43.151	-8.934	43.495	-9.094
43.151	-8.934	43.924	-9.492
43.151	-8.934	43.871	-9.401
43.151	-8.934	43.677	-10.025
43.151	-8.934	43.174	-9.710
43.151	-8.934	43.741	-9.526
43.151	-8.934	44.008	-9.372
43.151	-8.934	43.527	-10.144
43.151	-8.934	43.083	-9.433
43.151	-8.934	43.271	-11.056
43.151	-8.934	42.990	-10.925
45.298	-11.049	44.052	-10.611
44.052	-10.611	44.359	-10.065
44.052	-10.611	44.246	-9.338
44.052	-10.611	43.876	-8.435
44.052	-10.611	43.859	-10.253
44.052	-10.611	43.559	-9.911
44.052	-10.611	43.971	-9.946
47.549	-11.422	45.298	-11.049
45.298	-11.049	45.508	-11.027
45.298	-11.049	46.713	-11.327
45.298	-11.049	46.383	-11.187
45.298	-11.049	45.919	-11.033
45.298	-11.049	45.901	-11.578
45.298	-11.049	46.416	-11.230
45.298	-11.049	45.443	-10.834
45.298	-11.049	44.354	-10.727
45.298	-11.049	44.835	-10.731
45.298	-11.049	43.877	-10.208
45.298	-11.049	44.644	-10.614
45.298	-11.049	44.180	-10.383
45.298	-11.049	44.432	-10.666
45.298	-11.049	44.746	-10.719
48.171	-12.350	47.549	-11.422
47.549	-11.422	47.748	-11.518
47.549	-11.422	47.499	-11.580
47.549	-11.422	47.436	-11.830
47.549	-11.422	47.045	-11.345
47.549	-11.422	46.144	-11.190
47.549	-11.422	46.615	-11.531
49.503	-12.101	50.801	-10.635
48.171	-12.350	49.503	-12.101
49.503	-12.101	49.463	-11.947
49.503	-12.101	50.012	-11.905
49.503	-12.101	49.924	-11.604
49.503	-12.101	49.663	-12.297
49.503	-12.101	50.965	-11.228
49.503	-12.101	50.543	-10.833
50.816	-12.279	52.922	-12.048
52.922	-12.048	51.442	-12.108
52.922	-12.048	52.730	-12.646
52.922	-12.048	52.744	-11.757
52.922	-12.048	52.676	-12.061
48.171	-12.350	50.816	-12.279
50.816	-12.279	50.657	-12.299
50.816	-12.279	50.706	-12.786
50.816	-12.279	50.737	-11.890
50.816	-12.279	49.967	-12.258
50.816	-12.279	51.313	-12.234
50.816	-12.279	52.060	-12.247
50.816	-12.279	52.274	-12.216
46.681	-12.965	48.171	-12.350
48.171	-12.350	47.645	-12.551
48.171	-12.350	47.886	-12.451
48.171	-12.350	47.794	-12.626
48.171	-12.350	47.896	-12.311
48.171	-12.350	48.349	-12.271
48.171	-12.350	48.228	-12.687
48.171	-12.350	48.543	-12.483
48.171	-12.350	49.033	-12.263
48.171	-12.350	48.942	-12.231
48.171	-12.350	48.963	-12.165
48.171	-12.350	48.537	-11.836
44.827	-12.860	46.681	-12.965
46.681	-12.965	46.716	-12.998
46.681	-12.965	46.926	-13.204
46.681	-12.965	47.009	-12.410
46.681	-12.965	47.162	-12.678
46.681	-12.965	47.086	-12.824
46.681	-12.965	47.703	-12.662
43.335	-13.026	44.827	-12.860
44.827	-12.860	44.941	-12.813
44.827	-12.860	45.658	-13.151
44.827	-12.860	45.093	-13.567
44.827	-12.860	45.002	-12.557
44.827	-12.860	46.064	-12.878
44.827	-12.860	46.230	-13.569
40.328	-13.253	43.335	-13.026
43.335	-13.026	42.420	-13.027
43.335	-13.026	41.915	-12.962
43.335	-13.026	44.889	-13.069
43.335	-13.026	44.366	-12.994
43.335	-13.026	44.771	-12.890
43.335	-13.026	44.607	-12.831
43.335	-13.026	44.205	-12.844
43.335	-13.026	43.771	-12.857
43.335	-13.026	43.093	-12.991
43.335	-13.026	42.432	-13.346
43.335	-13.026	42.948	-13.409
43.335	-13.026	42.932	-13.438
43.335	-13.026	43.151	-12.603
43.335	-13.026	42.425	-12.723
43.335	-13.026	43.707	-12.759
37.912	-13.655	40.328	-13.253
40.328	-13.253	40.467	-13.297
40.328	-13.253	41.013	-13.306
40.328	-13.253	40.998	-13.131
40.328	-13.253	40.763	-12.620
40.328	-13.253	40.165	-12.949
40.328	-13.253	40.418	-12.443
40.328	-13.253	40.774	-12.432
40.328	-13.253	41.132	-13.785
40.328	-13.253	40.833	-14.073
40.328	-13.253	40.458	-11.817
40.328	-13.253	40.075	-12.187
40.328	-13.253	39.828	-12.640
40.328	-13.253	40.604	-10.594
37.337	-13.683	37.912	-13.655
36.477	-11.238	37.337	-13.683
37.337	-13.683	37.277	-13.350
37.337	-13.683	37.750	-13.467
37.337	-13.683	38.766	-13.413
37.337	-13.683	38.513	-13.364
37.337	-13.683	38.560	-13.445
37.337	-13.683	38.994	-13.436
37.337	-13.683	38.499	-13.152
37.337	-13.683	37.911	-13.260
37.337	-13.683	38.585	-13.245
37.337	-13.683	36.136	-12.997
37.337	-13.683	36.260	-12.954
37.337	-13.683	37.113	-12.888
37.337	-13.683	36.483	-13.238
37.337	-13.683	36.779	-13.420
37.337	-13.683	37.308	-13.334
37.337	-13.683	37.924	-13.758
36.133	-10.537	36.477	-11.238
36.477	-11.238	37.322	-11.482
36.477	-11.238	36.433	-11.406
36.477	-11.238	36.970	-11.629
36.477	-11.238	37.968	-11.522
36.477	-11.238	37.972	-11.571
35.084	-11.510	36.133	-10.537
36.133	-10.537	36.693	-10.410
36.133	-10.537	36.599	-11.777
36.133	-10.537	36.375	-11.758
33.704	-10.938	35.084	-11.510
35.084	-11.510	34.948	-11.180
35.084	-11.510	34.731	-11.167
35.084	-11.510	34.451	-11.096
35.084	-11.510	34.862	-10.481
POLYLINE BLACK
35.612	-30.410
35.762	-30.395
35.777	-30.650
POLYLINE BLACK
35.552	-30.440
35.477	-30.575
35.462	-30.665
35.612	-30.740
35.642	-30.725
POLYLINE BLACK
35.297	-30.425
35.312	-30.365
35.297	-30.335
35.117	-30.590
35.102	-30.620
35.252	-30.770
35.417	-30.665
35.492	-30.575
35.387	-30.380
POLYLINE BLACK
35.267	-30.485
35.297	-30.470
35.387	-30.500
POLYLINE BLACK
34.697	-30.485
34.682	-30.455
34.577	-30.620
34.787	-30.785
35.192	-30.500
POLYLINE BLACK
35.327	-30.545
35.297	-30.500
35.327	-30.515
35.387	-30.470
35.837	-30.500
POLYLINE BLACK
34.742	-29.030
34.802	-29.135
35.072	-29.255
35.327	-29.525
35.372	-29.645
35.447	-29.795
35.462	-29.870
35.777	-30.260
POLYLINE BLACK
35.252	-30.155
35.297	-30.275
35.432	-30.395
POLYLINE BLACK
34.652	-30.485
34.652	-30.455
34.802	-30.425
34.817	-30.470
34.847	-30.440
34.877	-30.455
34.907	-30.440
35.192	-30.470
35.252	-30.515
35.282	-30.500
35.402	-30.560
POLYLINE BLACK
34.772	-29.675
34.757	-29.600
34.802	-29.780
POLYLINE BLACK
34.157	-27.215
34.142	-27.410
34.217	-27.770
34.397	-28.235
34.532	-28.640
34.697	-28.940
34.757	-29.390
34.742	-29.480
POLYLINE BLACK
32.867	-27.140
33.017	-27.590
33.407	-28.385
33.557	-28.625
33.722	-29.165
33.782	-29.495
33.887	-29.795
33.887	-29.825
33.962	-29.870
34.007	-29.960
34.037	-30.050
34.127	-30.170
34.157	-30.170
34.247	-30.260
34.682	-30.545
POLYLINE BLACK
32.582	-23.525
32.747	-23.630
32.777	-23.615
32.822	-23.675
32.867	-24.005
32.942	-24.155
32.972	-24.350
33.167	-24.755
33.287	-25.250
33.452	-25.595
33.572	-26.015
33.707	-26.315
33.782	-26.390
33.902	-26.840
34.097	-27.140
34.127	-27.245
POLYLINE BLACK
32.827	-27.145
32.847	-27.225
POLYLINE BLACK
31.347	-23.865
31.347	-23.825
31.547	-23.965
31.827	-24.845
31.947	-25.325
32.227	-25.845
32.427	-26.305
32.507	-26.345
32.707	-26.685
32.827	-27.085
POLYLINE BLACK
30.887	-23.845
30.887	-23.805
31.167	-23.885
31.247	-23.885
POLYLINE BLACK
32.327	-18.705
32.527	-17.985
32.827	-17.405
32.987	-17.145
33.207	-16.145
33.587	-15.145
POLYLINE BLACK
32.347	-18.705
32.347	-18.605
32.207	-18.885
32.167	-19.485
32.187	-19.605
32.087	-20.125
32.027	-20.445
32.067	-21.445
32.047	-22.045
32.127	-22.505
32.207	-22.785
32.227	-23.165
32.287	-23.405
32.527	-23.505
POLYLINE BLACK
31.767	-18.185
31.267	-19.305
31.087	-19.685
30.947	-20.025
30.807	-20.485
30.767	-20.905
30.847	-21.285
30.807	-21.705
30.827	-22.145
30.847	-22.445
30.807	-22.925
30.867	-23.665
30.847	-23.825
POLYLINE BLACK
30.772	-20.210
30.727	-20.375
POLYLINE BLACK
30.862	-19.970
30.832	-19.970
POLYLINE BLACK
31.027	-19.520
30.952	-19.625
POLYLINE BLACK
31.237	-19.085
31.117	-19.235
POLYLINE BLACK
32.002	-17.825
31.972	-17.720
32.182	-17.210
POLYLINE BLACK
31.852	-17.930
31.852	-17.960
31.822	-17.930
31.687	-18.410
POLYLINE BLACK
32.692	-15.170
32.692	-15.140
32.752	-15.290
32.797	-15.380
32.677	-15.695
32.587	-15.965
32.482	-16.190
32.452	-16.370
32.392	-16.460
32.332	-16.730
32.257	-16.895
32.197	-17.210
32.152	-17.330
POLYLINE BLACK
34.882	-14.300
34.867	-14.270
34.882	-14.510
34.732	-14.360
34.642	-14.405
34.462	-14.375
34.027	-14.405
33.967	-14.435
33.907	-14.405
33.817	-14.510
33.817	-14.555
33.787	-14.540
33.697	-14.600
33.697	-14.630
33.622	-14.675
33.562	-15.230
POLYLINE BLACK
33.442	-13.700
33.427	-13.670
33.337	-13.865
33.307	-14.045
33.307	-14.135
33.217	-14.255
33.232	-14.465
33.157	-14.630
33.127	-14.615
33.097	-14.630
33.067	-14.615
33.037	-14.645
32.962	-14.645
32.842	-14.690
POLYLINE BLACK
34.252	-12.725
34.357	-13.115
34.237	-13.160
34.072	-13.235
33.952	-13.250
33.922	-13.235
33.802	-13.280
33.772	-13.280
33.607	-13.475
33.577	-13.475
33.412	-13.655
POLYLINE BLACK
34.117	-12.320
34.027	-12.305
33.877	-12.410
34.057	-12.815
34.207	-12.785
POLYLINE BLACK
34.237	-12.830
34.237	-12.860
POLYLINE BLACK
34.057	-11.795
34.087	-12.245
34.237	-12.815
POLYLINE BLACK
35.212	-13.925
35.092	-13.910
34.987	-14.015
34.942	-14.015
34.852	-14.120
34.717	-14.390
POLYLINE BLACK
34.312	-11.705
34.297	-11.675
34.357	-11.735
34.432	-11.615
34.387	-11.555
POLYLINE BLACK
34.147	-11.570
34.132	-11.540
34.252	-11.690
34.327	-11.555
POLYLINE BLACK
33.922	-11.645
33.922	-11.645
33.982	-11.750
34.012	-11.750
34.162	-11.465
POLYLINE BLACK
34.267	-11.690
34.267	-11.660
34.117	-11.630
33.997	-11.660
POLYLINE BLACK
35.062	-13.370
34.732	-12.830
34.687	-12.710
34.582	-12.440
34.357	-12.065
34.372	-11.930
34.357	-11.855
POLYLINE BLACK
36.427	-13.175
36.367	-13.115
36.142	-13.280
36.022	-13.325
35.902	-13.370
35.872	-13.340
35.782	-13.385
35.557	-13.370
35.407	-13.415
35.347	-13.400
35.287	-13.415
35.017	-13.370
POLYLINE BLACK
35.152	-13.970
35.182	-13.940
35.242	-13.940
35.347	-13.880
35.512	-13.730
35.662	-13.700
35.692	-13.670
35.767	-13.685
36.037	-13.595
36.097	-13.610
36.187	-13.595
36.247	-13.610
36.277	-13.595
36.682	-13.625
POLYLINE GREEN
43.417	-12.260
43.387	-12.200
43.372	-12.320
43.237	-12.380
43.087	-12.500
POLYLINE GREEN
43.822	-11.885
43.822	-11.855
43.777	-12.050
43.702	-12.365
43.582	-12.560
43.447	-12.620
43.267	-12.725
POLYLINE GREEN
43.102	-11.315
43.102	-11.285
43.222	-11.375
43.342	-11.615
43.402	-11.960
43.372	-12.200
POLYLINE GREEN
44.107	-11.315
44.107	-11.285
43.942	-11.510
43.852	-11.750
43.717	-11.990
POLYLINE GREEN
40.556	-6.240
40.526	-6.240
40.406	-6.375
40.631	-6.465
40.721	-6.270
40.601	-6.210
POLYLINE GREEN
40.676	-6.030
40.796	-5.805
40.841	-5.970
POLYLINE GREEN
40.451	-6.165
40.436	-6.135
40.586	-5.880
40.706	-6.015
POLYLINE GREEN
40.901	-6.030
40.886	-6.000
40.961	-6.075
41.111	-5.820
POLYLINE GREEN
40.646	-6.015
40.706	-6.075
40.736	-6.180
40.856	-6.090
40.901	-5.970
POLYLINE GREEN
40.451	-6.210
40.436	-6.135
40.526	-6.270
40.556	-6.255
40.586	-6.285
40.646	-6.255
40.691	-5.970
POLYLINE GREEN
41.306	-7.590
41.216	-7.245
41.066	-7.005
40.946	-6.615
40.886	-6.330
40.811	-6.105
POLYLINE GREEN
41.291	-8.115
41.231	-8.040
41.156	-7.980
41.066	-7.725
40.976	-7.575
40.781	-7.395
40.691	-7.170
40.646	-6.855
40.601	-6.420
POLYLINE GREEN
41.366	-7.680
41.291	-7.575
41.246	-7.410
POLYLINE GREEN
42.266	-9.090
42.161	-9.000
42.101	-9.000
41.651	-8.565
41.486	-8.415
41.351	-8.220
41.306	-8.025
41.216	-7.920
POLYLINE GREEN
42.401	-8.055
42.386	-7.995
42.206	-7.950
42.116	-7.965
41.996	-7.950
41.966	-7.980
41.906	-7.965
41.846	-7.995
41.816	-7.980
41.756	-8.025
41.726	-8.010
41.666	-8.040
41.531	-7.950
41.321	-7.665
POLYLINE GREEN
45.386	-10.920
45.296	-10.725
45.146	-10.695
45.086	-10.710
44.966	-10.680
44.666	-10.665
44.486	-10.620
44.456	-10.635
44.336	-10.620
44.216	-10.650
44.156	-10.635
44.066	-10.515
43.901	-10.170
43.766	-10.005
43.646	-9.930
43.541	-9.585
43.526	-9.495
43.301	-8.895
43.121	-8.625
43.061	-8.505
42.746	-8.175
42.716	-8.175
42.626	-8.130
42.296	-7.995
42.266	-7.965
POLYLINE GREEN
45.101	-10.725
45.101	-10.650
POLYLINE GREEN
45.086	-11.280
45.296	-11.325
45.476	-11.415
POLYLINE GREEN
44.051	-11.355
44.621	-11.220
44.771	-11.235
44.951	-11.190
45.101	-11.250
POLYLINE GREEN
42.236	-9.105
42.236	-9.075
42.476	-9.285
42.581	-9.660
42.596	-9.885
42.581	-10.050
42.761	-10.410
42.731	-10.725
42.971	-11.040
43.106	-11.220
POLYLINE BLUE
45.611	-8.670
45.626	-8.640
POLYLINE BLUE
45.416	-8.520
45.401	-8.730
POLYLINE BLUE
45.251	-8.520
45.191	-8.565
45.116	-8.730
45.356	-8.670
POLYLINE BLUE
45.161	-8.520
45.131	-8.595
45.116	-8.850
POLYLINE BLUE
44.861	-8.685
44.846	-8.880
44.891	-8.910
44.951	-8.835
45.011	-8.580
POLYLINE BLUE
44.501	-8.820
44.576	-8.715
44.711	-8.670
44.771	-8.730
44.651	-8.910
POLYLINE BLUE
44.696	-8.685
44.651	-9.000
POLYLINE BLUE
45.206	-8.415
45.206	-8.355
POLYLINE BLUE
45.026	-8.250
44.996	-8.295
45.011	-8.235
44.996	-8.205
44.921	-8.325
44.921	-8.385
POLYLINE BLUE
44.741	-8.280
44.741	-8.250
44.696	-8.445
44.711	-8.475
44.801	-8.445
POLYLINE BLUE
44.516	-8.580
44.501	-8.505
44.591	-8.415
POLYLINE BLUE
44.501	-8.415
44.501	-8.385
44.486	-8.520
44.546	-8.310
44.591	-8.535
POLYLINE BLUE
44.321	-8.475
44.321	-8.400
44.216	-8.505
44.246	-8.535
44.411	-8.520
POLYLINE BLUE
44.156	-8.490
44.171	-8.400
44.156	-8.430
44.171	-8.655
POLYLINE BLUE
42.806	-9.330
42.671	-8.970
42.611	-8.925
42.596	-8.760
42.641	-8.505
42.416	-8.415
42.311	-8.310
42.251	-8.055
POLYLINE BLUE
43.976	-8.490
43.976	-8.460
43.931	-8.400
43.751	-8.385
43.631	-8.415
43.391	-8.325
43.271	-8.235
43.181	-8.220
42.656	-7.920
42.401	-7.935
POLYLINE BLUE
44.081	-10.605
43.811	-10.455
43.676	-10.335
43.556	-10.065
43.211	-9.615
43.151	-9.600
43.151	-9.540
42.971	-9.435
42.911	-9.435
42.791	-9.300
POLYLINE BLUE
45.446	-10.815
45.446	-10.785
45.326	-10.800
45.251	-10.755
45.041	-10.710
44.921	-10.635
44.861	-10.635
44.756	-10.575
44.741	-10.605
44.726	-10.575
44.666	-10.590
44.516	-10.380
44.486	-10.380
44.411	-10.215
44.381	-10.035
44.396	-10.005
44.366	-9.825
44.336	-9.630
44.231	-9.285
44.156	-9.150
44.066	-8.805
43.991	-8.685
43.976	-8.400
POLYLINE BLUE
44.651	-11.040
43.991	-10.530
POLYLINE BLUE
45.821	-11.490
45.806	-11.460
45.671	-11.520
45.611	-11.520
45.596	-11.490
45.566	-11.505
45.536	-11.490
POLYLINE BLUE
45.806	-11.010
45.776	-10.935
45.461	-10.830
POLYLINE BLUE
46.466	-11.385
46.436	-11.355
46.211	-11.370
46.151	-11.355
46.001	-11.445
45.881	-11.430
45.821	-11.445
POLYLINE BLUE
47.426	-11.715
47.456	-11.655
47.516	-11.640
47.531	-11.610
47.741	-11.790
POLYLINE BLUE
45.746	-10.965
45.791	-10.920
45.911	-10.965
46.286	-11.115
46.541	-11.190
46.571	-11.175
46.631	-11.205
46.721	-11.190
46.871	-11.235
46.901	-11.220
47.186	-11.280
47.246	-11.265
47.396	-11.325
47.426	-11.310
47.546	-11.340
47.711	-11.445
47.711	-11.475
47.801	-11.520
47.801	-11.550
47.951	-11.745
POLYLINE BLUE
46.556	-11.475
46.661	-11.475
47.021	-11.655
47.171	-11.670
47.291	-11.715
47.411	-11.730
47.471	-11.700
47.471	-11.670
47.501	-11.685
47.531	-11.580
47.621	-11.655
POLYLINE BLUE
46.301	-11.415
46.466	-11.385
46.496	-11.415
46.646	-11.415
46.811	-11.490
46.991	-11.535
46.991	-11.565
POLYLINE BLUE
48.806	-11.430
POLYLINE BLUE
48.791	-11.430
POLYLINE BLUE
51.131	-10.760
51.171	-10.700
POLYLINE BLUE
51.121	-10.530
51.121	-10.510
51.181	-10.500
51.191	-10.520
51.181	-10.560
POLYLINE BLUE
51.031	-10.540
51.041	-10.430
POLYLINE BLUE
50.851	-10.510
50.861	-10.450
POLYLINE BLUE
51.021	-10.900
51.011	-10.860
50.991	-10.820
50.961	-10.690
50.961	-10.600
POLYLINE BLUE
49.561	-11.900
49.671	-11.820
49.741	-11.710
49.821	-11.620
49.851	-11.520
50.051	-11.150
50.211	-10.970
50.371	-10.870
50.491	-10.770
50.611	-10.720
50.611	-10.700
50.671	-10.660
POLYLINE BLUE
50.011	-11.920
50.011	-11.880
50.141	-11.770
50.311	-11.680
50.521	-11.590
50.681	-11.480
50.771	-11.430
50.851	-11.330
50.871	-11.330
50.991	-11.030
51.001	-10.970
51.051	-10.870
POLYLINE BLUE
48.641	-12.370
48.721	-12.330
48.951	-12.300
49.011	-12.310
49.091	-12.280
49.121	-12.260
49.361	-12.300
49.401	-12.290
49.421	-12.300
49.461	-12.290
49.481	-12.300
49.601	-12.270
49.681	-12.260
49.831	-12.070
49.891	-12.030
49.991	-11.890
50.011	-11.890
50.021	-11.860
POLYLINE BLUE
48.481	-12.160
48.521	-12.160
48.531	-12.180
48.551	-12.170
48.651	-12.220
48.841	-12.170
48.841	-12.150
48.861	-12.170
48.921	-12.160
48.941	-12.140
48.981	-12.150
49.021	-12.130
49.081	-12.130
49.101	-12.110
49.181	-12.110
49.381	-12.020
49.421	-12.010
49.541	-11.910
49.601	-11.860
POLYLINE BLACK
48.501	-12.140
POLYLINE BLACK
48.161	-11.900
48.211	-12.010
48.291	-12.060
48.311	-12.050
48.331	-12.070
48.311	-12.110
48.371	-12.140
48.451	-12.120
48.491	-12.130
48.531	-12.110
POLYLINE BLACK
47.931	-11.800
47.951	-11.760
POLYLINE BLACK
47.721	-12.330
47.741	-12.320
47.821	-12.340
47.861	-12.340
47.971	-12.260
47.981	-12.220
47.911	-12.170
47.891	-12.170
47.851	-12.140
47.831	-12.150
47.771	-12.120
47.751	-12.050
47.821	-12.000
47.821	-11.980
47.841	-11.980
47.861	-11.940
47.941	-11.760
POLYLINE BLACK
48.151	-11.490
48.131	-11.450
48.151	-11.350
POLYLINE BLACK
49.961	-10.452
49.881	-10.672
50.101	-10.692
50.241	-10.652
POLYLINE BLACK
49.741	-10.532
49.841	-10.872
POLYLINE BLACK
49.481	-10.772
49.641	-10.592
POLYLINE BLACK
49.461	-10.912
49.621	-10.712
POLYLINE BLACK
49.281	-10.872
49.261	-10.832
49.301	-10.992
49.281	-10.832
49.441	-10.992
49.481	-10.952
49.481	-10.712
49.521	-10.932
49.601	-10.932
49.641	-10.892
POLYLINE BLACK
49.121	-10.492
49.121	-10.492
POLYLINE BLACK
49.101	-10.892
49.121	-11.032
POLYLINE BLACK
48.781	-11.072
48.781	-11.032
48.861	-11.052
48.941	-11.012
48.961	-10.892
48.981	-11.012
POLYLINE BLACK
48.781	-11.092
48.801	-11.212
POLYLINE BLACK
48.421	-11.172
48.341	-11.352
48.461	-11.332
48.501	-11.232
48.541	-11.272
48.681	-11.132
48.621	-11.132
48.541	-11.252
POLYLINE BLACK
48.261	-11.252
48.321	-11.392
POLYLINE BLACK
48.001	-11.452
48.041	-11.372
POLYLINE BLACK
47.881	-11.412
47.861	-11.272
47.921	-11.092
47.941	-11.132
POLYLINE BLACK
48.181	-11.952
48.081	-11.692
48.081	-11.512
POLYLINE BLACK
53.531	-12.817
53.756	-12.757
53.816	-12.772
POLYLINE BLACK
53.696	-12.562
53.636	-12.922
53.696	-12.952
POLYLINE BLACK
53.126	-12.862
53.111	-13.012
53.186	-12.877
53.186	-12.982
53.246	-12.937
53.306	-12.967
53.396	-12.862
53.411	-12.832
53.381	-12.817
53.336	-12.937
53.366	-12.952
53.456	-12.847
53.471	-12.907
53.531	-12.877
53.531	-12.907
53.561	-12.937
POLYLINE BLACK
53.066	-12.772
POLYLINE BLACK
53.036	-12.892
53.021	-13.027
POLYLINE BLACK
52.946	-12.787
52.931	-12.982
POLYLINE BLACK
52.856	-12.922
52.796	-13.027
52.826	-13.027
52.946	-12.907
52.901	-12.892
52.811	-12.952
POLYLINE BLACK
52.571	-13.042
52.721	-12.907
52.646	-12.922
52.601	-13.012
52.631	-13.087
52.721	-13.072
POLYLINE BLACK
52.541	-12.892
52.541	-12.862
52.421	-12.937
52.436	-13.012
52.496	-13.042
52.526	-13.102
52.466	-13.132
POLYLINE BLACK
52.826	-11.782
52.811	-11.752
52.841	-11.752
52.916	-11.902
52.976	-12.112
52.871	-12.517
POLYLINE BLACK
50.576	-11.962
50.831	-11.857
50.861	-11.872
50.996	-11.827
51.086	-11.872
51.146	-11.857
51.176	-11.872
51.266	-11.857
51.326	-11.887
51.476	-11.902
51.491	-11.932
51.521	-11.917
51.551	-11.932
51.611	-11.902
51.671	-11.932
51.701	-11.917
52.031	-11.932
52.241	-11.887
52.616	-11.797
52.766	-11.737
52.796	-11.752
POLYLINE BLACK
50.636	-12.712
50.636	-12.682
50.786	-12.667
50.906	-12.682
51.311	-12.622
51.371	-12.592
51.461	-12.607
51.521	-12.592
51.641	-12.607
51.731	-12.592
51.761	-12.607
51.791	-12.592
51.911	-12.607
52.406	-12.577
52.526	-12.547
52.646	-12.577
52.841	-12.547
POLYLINE BLACK
48.536	-12.517
48.596	-12.427
48.746	-12.397
48.776	-12.412
48.911	-12.397
48.971	-12.427
49.001	-12.412
49.271	-12.472
49.331	-12.457
49.496	-12.487
49.916	-12.427
49.976	-12.442
50.006	-12.427
50.651	-12.682
POLYLINE BLACK
48.566	-12.157
48.551	-12.127
48.671	-12.082
48.851	-12.097
48.926	-12.082
49.016	-12.112
49.136	-12.112
49.571	-12.037
49.841	-12.022
50.096	-12.052
50.561	-11.977
POLYLINE BLACK
45.326	-9.562
46.136	-8.647
46.196	-8.632
46.121	-8.617
46.001	-8.632
POLYLINE BLACK
47.051	-12.427
47.126	-12.382
47.216	-12.382
47.276	-12.352
47.366	-12.322
47.396	-12.337
47.456	-12.307
47.486	-12.322
47.546	-12.307
47.576	-12.322
47.666	-12.307
47.876	-12.322
48.026	-12.292
48.116	-12.337
48.191	-12.277
POLYLINE BLACK
48.356	-12.547
48.491	-12.457
48.491	-12.427
48.626	-12.367
POLYLINE BLACK
47.066	-13.012
47.081	-12.937
47.336	-12.817
47.396	-12.817
47.531	-12.742
47.561	-12.742
47.681	-12.697
47.861	-12.652
47.921	-12.667
47.951	-12.652
47.981	-12.667
48.011	-12.652
48.071	-12.667
48.161	-12.607
48.191	-12.622
48.311	-12.547
POLYLINE BLACK
46.736	-13.237
46.736	-13.207
46.841	-13.147
46.916	-13.042
47.036	-12.967
47.066	-12.952
POLYLINE BLACK
46.511	-12.772
46.556	-12.667
46.991	-12.397
47.021	-12.367
POLYLINE BLACK
46.211	-12.832
46.361	-12.772
46.541	-12.637
46.736	-12.472
POLYLINE BLACK
46.301	-13.522
46.421	-13.417
46.481	-13.312
46.751	-13.192
POLYLINE GREEN
46.316	-13.492
46.481	-13.357
46.616	-13.237
46.766	-13.207
POLYLINE BLACK
46.241	-13.552
46.241	-13.522
46.301	-13.507
POLYLINE BLACK
45.926	-13.477
45.911	-13.447
46.061	-13.477
46.106	-13.522
POLYLINE BLACK
45.896	-13.537
45.881	-13.462
46.001	-13.402
46.091	-13.492
POLYLINE BLACK
46.106	-12.892
46.106	-12.862
46.166	-12.847
46.256	-12.757
POLYLINE BLACK
45.656	-12.757
45.776	-12.802
45.941	-12.847
46.136	-12.892
POLYLINE BLACK
45.071	-12.697
45.056	-12.667
45.281	-12.697
45.521	-12.727
45.596	-12.742
POLYLINE BLACK
44.966	-12.667
44.966	-12.637
45.146	-12.712
45.206	-12.922
45.191	-12.772
45.221	-12.772
45.221	-12.742
POLYLINE BLACK
45.101	-13.342
45.101	-13.312
45.386	-13.402
45.461	-13.402
45.611	-13.477
45.701	-13.462
45.731	-13.477
45.911	-13.462
POLYLINE BLACK
43.601	-13.102
43.811	-13.072
44.096	-13.057
44.156	-13.042
44.306	-13.072
44.426	-13.057
44.606	-13.132
44.636	-13.117
44.996	-13.312
45.011	-13.342
45.086	-13.342
45.146	-13.372
POLYLINE BLACK
43.676	-12.787
43.706	-12.772
43.856	-12.787
44.006	-12.772
44.036	-12.787
44.171	-12.757
44.231	-12.772
44.471	-12.712
44.621	-12.697
44.681	-12.667
44.771	-12.682
44.906	-12.652
45.011	-12.667
POLYLINE BLACK
43.391	-13.192
43.391	-13.162
43.631	-13.102
POLYLINE BLACK
43.211	-12.712
43.241	-12.667
43.391	-12.727
43.421	-12.727
43.541	-12.802
43.706	-12.832
POLYLINE BLACK
43.106	-13.402
43.106	-13.327
43.076	-13.342
43.166	-13.252
43.316	-13.192
POLYLINE BLACK
42.671	-12.667
42.791	-12.637
43.001	-12.622
43.181	-12.652
POLYLINE BLACK
41.426	-12.637
41.561	-12.727
41.786	-12.862
41.816	-12.892
41.846	-12.877
41.876	-12.907
42.191	-12.787
42.461	-12.697
42.536	-12.652
42.566	-12.667
POLYLINE BLACK
40.946	-12.382
41.021	-12.472
41.126	-12.532
41.141	-12.592
41.201	-12.637
41.291	-12.652
41.411	-12.697
41.396	-12.667
POLYLINE BLACK
40.601	-13.417
40.781	-13.342
40.871	-13.327
40.931	-13.342
40.961	-13.327
41.276	-13.342
41.546	-13.312
41.936	-13.252
42.041	-13.267
42.101	-13.237
42.146	-13.252
42.236	-13.237
42.506	-13.327
POLYLINE BLACK
40.171	-13.802
40.171	-13.782
40.161	-13.952
POLYLINE BLACK
40.531	-11.082
40.531	-11.042
40.511	-11.012
40.591	-10.872
POLYLINE BLACK
40.751	-11.842
40.771	-11.642
40.781	-11.412
40.771	-11.042
40.821	-10.702
POLYLINE BLACK
40.151	-12.082
40.271	-11.942
40.291	-11.792
40.471	-11.162
POLYLINE BLACK
40.041	-12.272
40.031	-12.252
40.091	-12.162
40.151	-12.112
POLYLINE BLACK
41.001	-12.362
41.041	-12.352
POLYLINE BLACK
40.681	-11.902
40.681	-11.882
40.731	-12.052
40.811	-12.182
40.891	-12.322
41.041	-12.412
POLYLINE BLACK
39.191	-13.132
39.261	-13.072
39.401	-13.052
39.641	-12.892
39.731	-12.792
39.821	-12.552
39.921	-12.322
POLYLINE BLACK
40.531	-13.432
POLYLINE BLACK
40.501	-13.222
40.491	-13.202
40.621	-13.182
40.641	-13.192
POLYLINE BLACK
40.541	-13.212
40.531	-13.162
40.471	-13.152
40.361	-13.172
40.311	-13.222
40.451	-13.362
40.571	-13.412
POLYLINE BLACK
39.811	-13.492
39.841	-13.472
39.951	-13.482
POLYLINE BLACK
39.931	-13.522
POLYLINE BLACK
40.161	-13.742
40.161	-13.742
40.191	-13.852
POLYLINE BLACK
40.421	-13.972
40.471	-13.622
40.541	-13.472
POLYLINE BLACK
39.961	-13.542
39.961	-13.492
40.001	-13.482
40.041	-13.502
40.151	-13.732
40.171	-13.812
POLYLINE BLACK
38.571	-13.712
38.571	-13.682
38.841	-13.662
38.911	-13.632
38.971	-13.632
39.061	-13.602
39.141	-13.602
39.351	-13.522
39.641	-13.492
39.721	-13.502
39.741	-13.492
POLYLINE BLACK
38.081	-13.752
38.171	-13.732
38.211	-13.742
38.361	-13.702
38.491	-13.702
POLYLINE BLACK
38.781	-13.192
38.781	-13.172
39.051	-13.112
POLYLINE BLACK
38.001	-13.212
38.131	-13.212
38.191	-13.232
38.211	-13.222
38.321	-13.232
38.541	-13.132
38.571	-13.142
38.671	-13.112
POLYLINE BLACK
37.481	-13.732
37.551	-13.722
37.761	-13.732
37.781	-13.722
37.821	-13.742
37.861	-13.732
37.901	-13.742
37.941	-13.722
POLYLINE BLACK
36.611	-13.572
36.811	-13.582
36.891	-13.612
36.991	-13.602
37.221	-13.682
37.361	-13.692
37.391	-13.682
POLYLINE BLACK
37.451	-13.242
37.551	-13.232
37.681	-13.252
37.811	-13.212
37.891	-13.252
38.011	-13.222
38.031	-13.222
POLYLINE BLACK
37.181	-12.942
37.231	-13.112
37.231	-13.162
37.291	-13.222
37.331	-13.202
37.431	-13.242
POLYLINE BLACK
36.801	-11.822
36.911	-12.262
37.011	-12.512
37.041	-12.612
37.061	-12.612
37.101	-12.652
37.141	-12.872
POLYLINE BLACK
36.311	-11.682
36.331	-11.682
36.451	-12.022
36.561	-12.242
36.591	-12.392
36.701	-12.662
36.761	-12.972
36.671	-13.032
36.521	-13.012
36.371	-13.122
POLYLINE BLACK
36.301	-10.432
36.281	-10.422
36.201	-10.442
36.181	-10.432
36.171	-10.462
36.111	-10.482
35.951	-10.442
35.931	-10.452
35.911	-10.442
35.891	-10.452
35.851	-10.422
35.761	-10.432
35.511	-10.362
35.341	-10.352
35.091	-10.362
35.011	-10.432
POLYLINE BLACK
35.231	-10.832
35.231	-10.812
35.201	-10.862
POLYLINE BLACK
35.591	-10.832
35.571	-10.792
35.451	-11.032
POLYLINE BLACK
35.511	-10.852
35.491	-10.782
35.311	-11.102
POLYLINE BLACK
35.441	-10.782
35.391	-10.832
35.271	-11.052
POLYLINE BLACK
35.361	-10.772
35.361	-10.752
35.211	-11.012
POLYLINE BLACK
35.341	-10.712
35.271	-10.782
POLYLINE BLACK
35.171	-10.822
35.171	-10.802
35.331	-10.752
35.371	-10.762
35.391	-10.742
35.411	-10.752
35.451	-10.732
35.471	-10.742
35.491	-10.732
35.591	-10.742
35.631	-10.732
35.681	-10.762
35.671	-10.822
POLYLINE BLACK
35.351	-11.222
35.341	-11.152
35.401	-11.142
35.441	-11.122
35.521	-10.972
35.591	-10.912
35.601	-10.862
POLYLINE BLACK
35.131	-10.872
35.231	-11.052
35.241	-11.162
35.281	-11.182
35.321	-11.172
35.391	-11.182
35.411	-11.162
POLYLINE BLACK
36.871	-10.797
36.871	-10.797
36.946	-10.947
37.036	-11.067
37.186	-11.202
37.216	-11.187
37.411	-11.292
37.591	-11.307
37.726	-11.367
POLYLINE BLACK
36.616	-10.407
36.721	-10.572
36.811	-10.767
36.841	-10.797
POLYLINE BLACK
36.241	-10.467
36.271	-10.452
36.301	-10.467
36.451	-10.437
36.511	-10.452
36.571	-10.422
POLYLINE BLACK
36.796	-11.847
36.811	-11.622
36.961	-11.532
36.991	-11.547
37.141	-11.472
37.291	-11.487
37.471	-11.532
37.696	-11.547
37.861	-11.592
POLYLINE BLACK
35.806	-11.472
35.776	-11.352
36.031	-11.337
36.121	-11.367
36.361	-11.682
POLYLINE BLACK
35.116	-11.592
35.101	-11.562
35.161	-11.457
35.341	-11.337
35.431	-11.322
35.461	-11.352
35.551	-11.337
35.581	-11.352
35.671	-11.307
POLYLINE BLACK
35.271	-11.577
35.271	-11.417
POLYLINE BLACK
35.351	-11.077
35.351	-11.037
POLYLINE BLACK
34.091	-11.397
34.071	-11.277
34.091	-11.317
34.331	-11.297
34.831	-11.497
34.911	-11.477
35.111	-11.537
POLYLINE BLACK
34.071	-10.837
34.051	-10.797
34.371	-10.957
34.491	-10.977
34.611	-10.937
34.711	-10.717
34.731	-10.637
34.871	-10.477
