TRIP
DATE 2006-01-31 
DECLINATION     0.00
DATA
2.2		8.32	-29.65	0.835	>
2.2		272.63	-32.69	0.672	>
2.2		125.43	-49.82	0.936	>
2.2		322.53	-73.05	1.703	>
2.2		332.18	-45.16	1.769	>
2.2		326.90	1.90	0.936	>
2.2		325.53	-35.37	1.328	>
2.2	2.3	326.70	-57.52	2.604	>
2.3		278.04	52.03	3.278	>
2.3		266.06	58.12	1.765	>
2.3		302.31	17.50	0.918	>
2.3		287.87	21.07	2.270	>
2.3	2.4	326.50	-39.73	1.812	>
2.4		145.95	-8.93	0.844	>
2.4		113.88	-0.23	0.506	>
2.4		134.69	7.38	0.779	>
2.4		121.97	-69.73	1.068	>
2.5	2.4	243.00	70.63	2.119	>
2.5		354.86	15.90	0.905	>
2.5		314.57	24.60	1.461	>
2.5		283.72	30.73	1.722	>
2.5		264.11	39.04	2.810	>
2.5		256.78	33.25	2.107	>
2.5		226.09	34.85	0.455	>
2.5		82.00	30.83	1.163	>
2.5		4.97	-60.26	0.791	>
2.5		72.69	-32.11	0.916	>
2.5		309.17	-23.97	1.942	>
2.5		289.00	9.70	1.134	>
2.5	2.6	74.18	-4.44	1.744	>
2.6		322.24	4.32	0.518	>
2.6		24.21	0.67	0.861	>
2.6		56.65	-6.67	0.896	>
2.6		41.47	-41.87	0.803	>
2.7	2.6	211.71	41.89	3.839	>
2.7		177.23	-10.44	0.756	>
2.7		198.71	36.23	2.871	>
2.7		200.35	-5.19	2.266	>
2.7		216.09	-3.34	2.112	>
2.7		236.96	1.41	1.262	>
2.7		278.56	5.46	0.924	>
2.7		307.91	8.98	0.858	>
2.7		204.13	0.32	2.128	>
2.7		186.85	-26.47	2.201	>
2.7		192.27	-33.71	1.850	>
2.7		202.58	-20.48	2.458	>
2.7		199.57	-49.92	2.128	>
2.7		218.33	-59.08	0.888	>
2.7		206.48	55.98	3.067	>
2.7		289.65	83.38	2.062	>
2.7		212.66	73.18	4.414	>
2.7	2.8	8.96	31.19	3.047	>
2.8		31.36	-81.07	0.483	>
2.8		115.53	-5.23	0.373	>
2.8		109.03	83.88	0.288	>
2.8		29.55	38.04	0.523	>
2.8		21.39	0.65	0.968	>
2.8		18.59	9.19	1.303	>
2.8	2.9	17.35	9.27	3.792	>
2.9		190.85	22.44	2.012	>
2.9		192.71	45.88	1.749	>
2.9		257.91	89.38	1.323	>
2.9		191.91	-3.44	3.083	>
2.9		181.07	9.53	2.494	>
2.9		194.74	-12.18	1.910	>
2.9		204.51	-36.05	0.340	>
2.9		222.78	5.89	0.808	>
2.9		207.10	-22.38	0.617	>
2.9		355.33	4.82	1.392	>
2.9		23.54	-3.96	0.738	>
2.9		314.53	10.30	1.404	>
2.9		300.54	15.52	1.857	>
2.9		255.38	7.80	1.084	>
2.9		273.85	3.15	1.655	>
2.9		280.80	19.54	3.059	>
2.9		294.80	16.64	2.700	>
2.9		276.61	43.78	3.030	>
2.9	2.10	335.99	10.01	1.191	>
2.10	2.11	8.50	-62.20	1.784	>
2.7	3.1	214.62	-48.52	1.725	>
3.1	3.2	88.84	-31.58	1.570	>
3.2		212.45	11.51	0.521	>
3.2		162.66	4.37	0.761	>
3.2		132.99	-8.05	1.200	>
3.2		118.18	-17.44	1.268	>
3.2		101.80	-18.59	1.016	>
3.2		68.09	-14.52	0.507	>
3.2		292.28	42.39	1.200	>
3.2	3.3	109.45	-15.86	1.742	>
3.3		231.14	1.04	0.548	>
3.3		198.63	1.86	0.830	>
3.3		181.59	-1.93	1.010	>
3.3		168.71	-4.68	1.337	>
3.3		157.25	-1.95	0.559	>
3.3		315.54	9.12	0.454	>
3.3	3.4	171.70	-5.52	2.881	>
2.7	4.1	219.38	-40.05	2.630	>
4.1		103.14	-4.72	0.547	>
4.1		135.85	-8.32	1.016	>
4.1		168.77	-16.96	2.012	>
4.1		181.67	-18.18	1.446	>
4.1		188.63	-18.62	0.999	>
4.1		155.99	-36.79	0.626	>
4.1		165.74	-26.55	1.774	>
4.1		169.46	-8.37	1.642	>
4.1	4.2	193.80	-18.78	0.864	>
4.2		66.50	-83.03	0.207	>
4.2		303.36	7.72	1.213	>
4.2		356.95	7.17	0.417	>
4.2		245.91	2.51	1.418	>
4.2		234.52	-1.61	1.565	>
4.2		179.56	-0.15	1.171	>
4.2		204.07	0.78	1.471	>
4.2		113.17	-1.62	0.709	>
4.2	4.3	227.88	1.49	3.155	>
4.3		330.59	-9.64	0.758	>
4.3		20.36	-3.23	1.011	>
4.3		149.89	22.05	1.194	>
4.3		118.10	12.22	0.699	>
4.3		84.08	2.92	1.020	>
4.3		336.45	83.51	0.376	>

PLAN
STATIONS
-3.299	22.167	2.3
-4.068	23.329	2.4
-3.442	23.648	2.5
-1.769	24.122	2.6
-0.267	26.553	2.7
0.139	29.128	2.8
1.255	32.700	2.9
0.778	33.771	2.10
0.901	34.594	2.11
-0.916	25.613	3.1
0.421	25.640	3.2
2.001	25.082	3.3
2.415	22.244	3.4
-1.544	24.997	4.1
-1.739	24.203	4.2
-4.078	22.088	4.3
SHOTS
-1.739	24.203	-4.078	22.088
-4.078	22.088	-4.445	22.739
-4.078	22.088	-3.727	23.034
-4.078	22.088	-3.523	21.131
-4.078	22.088	-3.475	21.766
-4.078	22.088	-3.065	22.193
-4.078	22.088	-4.095	22.127
-1.544	24.997	-1.739	24.203
-1.739	24.203	-1.716	24.213
-1.739	24.203	-2.743	24.864
-1.739	24.203	-1.761	24.616
-1.739	24.203	-3.032	23.625
-1.739	24.203	-3.013	23.295
-1.739	24.203	-1.730	23.032
-1.739	24.203	-2.339	22.860
-1.739	24.203	-1.087	23.924
-0.267	26.553	-1.544	24.997
-1.544	24.997	-1.013	24.873
-1.544	24.997	-0.844	24.276
-1.544	24.997	-1.169	23.109
-1.544	24.997	-1.584	23.624
-1.544	24.997	-1.686	24.061
-1.544	24.997	-1.340	24.539
-1.544	24.997	-1.153	23.459
-1.544	24.997	-1.247	23.400
2.001	25.082	2.415	22.244
0.421	25.640	2.001	25.082
2.001	25.082	1.574	24.738
2.001	25.082	1.736	24.296
2.001	25.082	1.973	24.073
2.001	25.082	2.262	23.775
2.001	25.082	2.217	24.567
2.001	25.082	1.687	25.402
-0.916	25.613	0.421	25.640
0.421	25.640	0.147	25.209
0.421	25.640	0.647	24.916
0.421	25.640	1.290	24.830
0.421	25.640	1.487	25.069
0.421	25.640	1.364	25.443
0.421	25.640	0.876	25.823
0.421	25.640	-0.399	25.976
-0.267	26.553	-0.916	25.613
0.778	33.771	0.901	34.594
1.255	32.700	0.778	33.771
0.139	29.128	1.255	32.700
1.255	32.700	0.905	30.874
1.255	32.700	0.987	31.512
1.255	32.700	1.241	32.697
1.255	32.700	0.620	29.689
1.255	32.700	1.209	30.241
1.255	32.700	0.780	30.894
1.255	32.700	1.141	32.450
1.255	32.700	0.709	32.110
1.255	32.700	0.995	32.192
1.255	32.700	1.142	34.082
1.255	32.700	1.549	33.375
1.255	32.700	0.270	33.669
1.255	32.700	-0.286	33.609
1.255	32.700	0.216	32.429
1.255	32.700	-0.394	32.811
1.255	32.700	-1.577	33.240
1.255	32.700	-1.093	33.785
1.255	32.700	-0.918	32.952
-0.267	26.553	0.139	29.128
0.139	29.128	0.178	29.192
0.139	29.128	0.474	28.968
0.139	29.128	0.168	29.118
0.139	29.128	0.342	29.486
0.139	29.128	0.492	30.029
0.139	29.128	0.549	30.347
-1.769	24.122	-0.267	26.553
-0.267	26.553	-0.231	25.810
-0.267	26.553	-1.010	24.359
-0.267	26.553	-1.052	24.437
-0.267	26.553	-1.509	24.849
-0.267	26.553	-1.325	25.865
-0.267	26.553	-1.177	26.690
-0.267	26.553	-0.936	27.074
-0.267	26.553	-1.137	24.611
-0.267	26.553	-0.502	24.597
-0.267	26.553	-0.594	25.049
-0.267	26.553	-1.151	24.427
-0.267	26.553	-0.726	25.262
-0.267	26.553	-0.550	26.195
-0.267	26.553	-1.032	25.017
-0.267	26.553	-0.491	26.633
-0.267	26.553	-0.956	25.478
-3.442	23.648	-1.769	24.122
-1.769	24.122	-2.085	24.530
-1.769	24.122	-1.416	24.907
-1.769	24.122	-1.026	24.611
-1.769	24.122	-1.373	24.570
-4.068	23.329	-3.442	23.648
-3.442	23.648	-3.520	24.515
-3.442	23.648	-4.388	24.580
-3.442	23.648	-4.880	23.999
-3.442	23.648	-5.613	23.424
-3.442	23.648	-5.157	23.245
-3.442	23.648	-3.711	23.389
-3.442	23.648	-2.453	23.787
-3.442	23.648	-3.408	24.039
-3.442	23.648	-2.701	23.879
-3.442	23.648	-4.818	24.769
-3.442	23.648	-4.499	24.012
-3.299	22.167	-4.068	23.329
-4.068	23.329	-3.601	22.638
-4.068	23.329	-3.605	23.124
-4.068	23.329	-3.519	22.786
-4.068	23.329	-3.754	23.133
-2.531	20.998	-3.299	22.167
-3.299	22.167	-5.296	22.449
-3.299	22.167	-4.229	22.103
-3.299	22.167	-4.039	22.635
-3.299	22.167	-5.315	22.817
POLYLINE GRAY
-1.910	22.910
-1.890	22.990
-1.940	22.910
POLYLINE GRAY
-1.330	22.320
-1.330	22.320
-1.210	22.260
-1.200	22.220
POLYLINE GRAY
-1.420	22.250
-1.290	22.230
POLYLINE GRAY
-1.360	22.330
-1.460	22.180
-1.350	22.160
POLYLINE GRAY
-1.490	22.420
-1.600	22.250
-1.500	22.210
-1.450	22.220
POLYLINE GRAY
-1.670	22.410
-1.720	22.350
-1.740	22.290
-1.700	22.270
-1.610	22.360
-1.600	22.440
-1.630	22.460
-1.710	22.410
POLYLINE GRAY
-1.900	22.520
-1.820	22.510
-1.770	22.440
-1.830	22.320
-1.940	22.260
POLYLINE GRAY
-1.770	22.560
-1.860	22.330
POLYLINE GRAY
-1.140	22.890
-1.190	22.780
-0.990	22.870
POLYLINE GRAY
-1.300	22.740
-1.200	22.710
POLYLINE GRAY
-1.350	22.690
-1.250	22.620
POLYLINE GRAY
-1.420	22.800
-1.510	22.640
-1.420	22.800
-1.410	22.690
-1.420	22.660
-1.410	22.600
-1.320	22.660
-1.250	22.760
-1.330	22.650
-1.350	22.590
-1.260	22.540
POLYLINE GRAY
-1.580	22.890
-1.650	22.680
-1.540	22.670
POLYLINE GRAY
-1.750	22.890
-1.720	22.860
-1.760	22.770
POLYLINE GRAY
-1.690	22.890
-1.790	22.660
POLYLINE GRAY
-1.920	22.910
-1.990	22.820
-1.970	22.780
-1.860	22.810
-1.810	22.920
POLYLINE GRAY
-2.820	24.770
-2.750	24.880
-2.690	24.910
-2.580	24.860
-2.380	24.700
-2.360	24.700
-2.040	24.530
-1.860	24.620
-1.720	24.600
-1.660	24.630
-1.580	24.750
POLYLINE GRAY
-3.160	23.250
-3.060	23.300
-3.020	23.450
-3.000	23.620
-2.720	24.070
-2.700	24.310
-2.710	24.490
-2.760	24.700
-2.760	24.830
-2.740	24.840
POLYLINE GRAY
-4.380	22.570
-4.450	22.730
-4.310	22.820
-4.000	22.850
-3.900	22.900
-3.750	23.010
-3.650	23.060
-3.570	23.090
-3.440	23.100
-3.300	23.190
-3.050	23.270
-3.020	23.290
-2.960	23.310
-2.890	23.380
POLYLINE GRAY
-4.410	22.700
-4.420	22.610
-4.360	22.400
-4.320	22.320
-4.320	22.280
-4.250	22.130
-3.950	21.740
-3.760	21.490
-3.660	21.370
-3.610	21.330
-3.550	21.320
-3.470	21.430
-3.420	21.570
-3.430	21.680
-3.420	21.700
-3.430	21.830
-3.380	21.890
-3.340	21.900
-3.090	22.190
-3.030	22.260
-2.950	22.330
-2.540	22.790
-2.290	22.900
-2.080	22.930
-1.970	22.990
-1.830	23.050
-1.780	23.080
-1.700	23.120
-1.640	23.130
-1.450	23.120
-1.340	23.100
-1.220	23.160
-1.180	23.220
-1.190	23.280
-1.150	23.460
POLYLINE BLUE
-1.310	24.580
-1.320	24.340
-1.230	24.030
-1.220	23.930
-1.150	23.750
-1.160	23.440
-1.180	23.360
POLYLINE BLUE
-1.600	24.840
-1.580	24.850
-1.590	24.790
-1.630	24.740
-1.680	24.570
-1.670	24.450
-1.680	24.180
-1.630	23.980
-1.620	23.910
-1.540	23.620
-1.510	23.580
-1.520	23.560
POLYLINE BLUE
2.460	22.675
2.460	22.495
POLYLINE BLUE
2.415	22.600
2.415	22.630
2.430	22.600
POLYLINE BLUE
2.325	22.690
2.340	22.570
POLYLINE BLUE
2.265	22.645
2.295	22.675
2.460	22.630
POLYLINE BLUE
2.355	23.020
2.370	22.960
POLYLINE BLUE
2.280	23.050
2.310	22.960
POLYLINE BLUE
2.190	23.005
2.340	23.065
2.385	23.050
POLYLINE BLUE
2.310	23.560
2.310	23.530
POLYLINE BLUE
2.205	23.590
2.220	23.545
POLYLINE BLUE
2.115	23.620
2.130	23.590
POLYLINE BLUE
2.175	23.590
2.145	23.620
2.145	23.620
2.250	23.620
POLYLINE BLUE
2.085	24.250
2.100	24.220
POLYLINE BLUE
1.965	24.295
2.010	24.250
POLYLINE BLUE
1.875	24.220
1.905	24.280
2.040	24.310
2.130	24.250
POLYLINE BLUE
2.010	24.850
2.010	24.820
POLYLINE BLUE
1.890	24.775
POLYLINE BLUE
1.770	24.835
1.785	24.775
POLYLINE BLUE
1.605	24.790
1.635	24.850
1.920	24.880
2.115	24.835
POLYLINE BLUE
1.215	25.405
POLYLINE BLUE
1.200	25.255
1.260	25.270
POLYLINE BLUE
1.215	25.135
1.245	25.135
POLYLINE BLUE
1.290	25.450
1.245	25.405
1.200	25.225
1.245	25.045
POLYLINE BLUE
0.855	25.690
0.885	25.690
0.990	25.615
POLYLINE BLUE
0.720	25.480
0.825	25.450
POLYLINE BLUE
0.645	25.300
0.705	25.315
0.735	25.300
POLYLINE BLUE
0.570	25.210
0.600	25.210
0.660	25.165
POLYLINE BLUE
0.915	25.570
0.885	25.540
0.870	25.570
0.600	25.360
0.525	25.075
0.570	24.925
POLYLINE BLUE
0.105	25.780
0.195	25.750
POLYLINE BLUE
0.030	25.660
0.090	25.675
POLYLINE BLUE
0.000	25.555
0.135	25.540
POLYLINE BLUE
0.270	25.855
0.240	25.855
0.120	25.750
0.030	25.480
0.030	25.345
POLYLINE BLUE
2.355	22.150
2.280	22.390
2.220	22.750
2.235	22.810
2.175	23.215
2.115	23.680
2.040	24.010
2.010	24.100
1.920	24.220
1.740	24.340
1.635	24.670
1.605	24.790
1.620	24.940
1.560	25.060
1.530	25.060
1.485	25.120
1.365	25.000
1.320	24.910
1.290	24.910
1.230	24.880
1.170	24.895
1.110	24.880
0.585	24.970
0.360	25.135
0.180	25.210
0.135	25.300
-0.060	25.465
-0.345	25.540
-0.390	25.495
POLYLINE BLUE
1.950	25.255
1.950	25.255
2.145	25.000
2.205	24.625
2.280	23.680
2.355	23.380
2.385	23.215
2.430	22.900
2.505	22.660
2.580	22.210
POLYLINE BLUE
-0.330	25.900
-0.300	25.930
-0.045	25.945
0.075	25.915
0.105	25.930
0.465	25.840
0.690	25.855
0.720	25.840
0.750	25.855
1.050	25.735
1.140	25.630
1.260	25.495
1.470	25.420
1.560	25.405
1.620	25.375
1.680	25.390
1.875	25.330
1.965	25.255
POLYLINE BLACK
2.710	34.520
2.690	34.410
2.730	34.410
2.760	34.450
2.710	34.250
POLYLINE BLACK
2.470	34.420
2.540	34.470
2.580	34.440
2.590	34.350
2.520	34.270
POLYLINE BLACK
2.550	34.450
2.540	34.300
POLYLINE BLACK
2.390	34.430
2.370	34.380
2.370	34.320
2.400	34.300
2.450	34.360
2.450	34.430
2.400	34.430
2.370	34.390
POLYLINE BLACK
2.200	34.500
2.190	34.300
2.170	34.360
2.260	34.440
2.320	34.470
2.290	34.360
2.290	34.290
POLYLINE BLACK
2.110	34.480
2.050	34.440
2.000	34.330
2.080	34.300
POLYLINE BLACK
1.860	34.460
1.890	34.260
1.960	34.420
POLYLINE BLACK
2.240	34.980
2.390	35.050
POLYLINE BLACK
2.220	34.930
2.230	34.730
POLYLINE BLACK
2.000	34.930
2.000	34.770
2.010	34.860
2.090	34.750
2.130	34.910
POLYLINE BLACK
1.790	34.900
1.940	34.850
1.910	34.750
1.870	34.720
POLYLINE BLACK
1.860	34.890
1.860	34.740
POLYLINE BLACK
1.670	34.900
1.660	34.770
1.680	34.730
1.740	34.770
1.760	34.840
1.720	34.830
POLYLINE BLACK
1.450	34.910
1.530	34.940
1.620	34.910
1.560	34.790
POLYLINE BLACK
1.550	34.880
1.540	34.700
POLYLINE BLACK
1.480	34.870
1.460	34.890
1.350	34.850
1.370	34.800
1.430	34.780
1.370	34.720
POLYLINE BROWN
0.690	34.000
0.680	33.840
0.570	33.810
POLYLINE BROWN
0.800	34.440
0.820	34.460
POLYLINE BROWN
0.820	34.380
0.880	34.380
POLYLINE BROWN
0.860	34.300
0.900	34.320
POLYLINE BROWN
0.890	34.220
0.970	34.280
POLYLINE BROWN
0.890	34.130
0.910	34.140
POLYLINE BROWN
0.960	34.140
0.990	34.010
1.000	33.990
POLYLINE BROWN
0.930	34.110
0.880	34.340
0.830	34.380
0.790	34.450
0.770	34.560
POLYLINE BROWN
1.100	34.570
1.020	34.680
0.960	34.670
0.920	34.680
0.880	34.760
POLYLINE BROWN
0.630	33.860
0.620	33.880
0.680	33.990
0.690	34.050
0.730	34.180
0.770	34.540
0.790	34.740
POLYLINE BROWN
1.360	33.850
1.330	33.870
1.200	34.120
1.140	34.130
1.110	34.180
1.090	34.180
1.080	34.280
1.100	34.470
1.110	34.580
POLYLINE BROWN
0.740	33.630
0.740	33.660
0.770	33.700
POLYLINE BROWN
0.910	33.610
0.890	33.630
0.890	33.720
POLYLINE BROWN
1.040	33.660
0.990	33.770
POLYLINE BROWN
1.150	33.690
1.100	33.740
POLYLINE BROWN
1.290	33.750
1.240	33.800
POLYLINE BROWN
0.580	33.830
0.640	33.740
0.840	33.640
0.900	33.630
1.070	33.660
1.240	33.720
1.350	33.810
1.360	33.840
POLYLINE GREEN
0.980	33.830
0.960	33.840
0.870	33.800
POLYLINE GREEN
1.390	33.840
1.310	33.960
1.150	34.000
1.020	33.900
POLYLINE GREEN
0.210	33.710
0.210	33.690
0.370	33.700
0.580	33.870
0.720	33.850
0.880	33.780
0.970	33.890
1.120	34.000
1.220	33.990
1.360	33.910
1.390	33.790
1.470	33.650
1.320	33.850
POLYLINE GREEN
0.830	33.640
POLYLINE GREEN
0.940	33.680
0.940	33.680
0.940	33.700
POLYLINE GREEN
1.060	33.700
1.040	33.760
POLYLINE GREEN
1.180	33.720
1.150	33.810
POLYLINE GREEN
1.260	33.740
1.260	33.760
1.210	33.840
POLYLINE GREEN
0.550	33.840
0.720	33.710
0.910	33.640
0.970	33.640
1.290	33.780
1.420	33.930
POLYLINE GREEN
1.200	34.000
1.200	34.000
1.360	33.950
POLYLINE GREEN
0.840	33.740
0.830	33.760
0.940	33.820
1.010	33.900
1.070	33.920
1.180	34.010
1.260	34.030
POLYLINE GREEN
0.550	33.810
0.550	33.840
0.580	33.810
0.700	33.790
0.780	33.800
POLYLINE GREEN
1.350	32.690
1.330	32.680
1.440	33.040
1.560	33.210
1.560	33.440
1.370	33.960
1.270	34.130
POLYLINE GREEN
0.190	33.660
0.510	33.840
0.700	33.940
POLYLINE GREEN
1.210	35.640
POLYLINE GREEN
1.040	34.700
1.020	34.700
0.980	34.660
0.940	34.800
POLYLINE GREEN
0.800	34.570
0.820	34.740
POLYLINE GREEN
1.220	34.170
1.200	34.170
1.140	34.240
1.130	34.260
1.140	34.300
1.100	34.460
1.130	34.490
1.110	34.580
1.010	34.700
POLYLINE GREEN
0.790	34.060
0.770	34.050
0.770	34.050
0.810	34.110
0.720	34.020
0.750	34.070
POLYLINE GREEN
0.890	33.990
0.900	34.050
0.890	34.030
0.880	34.070
POLYLINE GREEN
0.740	34.060
0.830	34.000
0.900	33.990
1.130	34.060
1.210	34.100
POLYLINE GREEN
1.230	34.130
1.190	34.130
1.140	34.100
1.120	34.110
POLYLINE GREEN
1.240	34.100
1.230	34.140
POLYLINE GREEN
0.660	33.920
0.730	34.180
0.750	34.370
0.770	34.430
0.780	34.580
POLYLINE GREEN
-1.000	33.230
-0.940	33.370
POLYLINE GREEN
-0.900	33.270
-1.010	33.310
POLYLINE GREEN
-0.990	32.820
-0.970	32.830
POLYLINE GREEN
-1.140	32.840
-1.120	32.830
POLYLINE GREEN
-1.200	33.010
-1.180	32.920
POLYLINE GREEN
-1.210	33.090
-1.220	33.070
POLYLINE GREEN
-1.220	33.210
-1.210	33.170
POLYLINE GREEN
-1.190	33.350
-1.220	33.260
POLYLINE GREEN
-1.100	33.450
-1.120	33.410
POLYLINE GREEN
-0.960	33.630
-1.000	33.560
POLYLINE GREEN
-0.810	33.720
-0.840	33.740
-0.860	33.730
POLYLINE GREEN
-0.780	33.360
-0.770	33.400
-0.780	33.470
POLYLINE GREEN
-0.860	33.760
-0.860	33.790
-0.790	33.710
POLYLINE GREEN
-0.990	33.790
-0.950	33.780
POLYLINE GREEN
-1.150	33.840
-1.110	33.830
POLYLINE GREEN
-1.320	33.720
-1.280	33.750
POLYLINE GREEN
-0.730	33.700
POLYLINE GREEN
-0.710	33.560
POLYLINE GREEN
-0.770	33.360
POLYLINE GREEN
-0.830	33.110
-0.800	33.170
POLYLINE GREEN
-0.930	32.910
-0.870	32.940
POLYLINE GREEN
-1.180	32.930
-1.060	32.820
-1.010	32.820
POLYLINE GREEN
-1.440	33.090
-1.440	33.070
-1.390	32.990
POLYLINE GREEN
-1.500	33.290
-1.500	33.220
POLYLINE GREEN
0.000	33.650
-0.190	33.690
-0.280	33.690
-0.580	33.780
-0.660	33.820
-0.910	33.820
-1.010	33.870
-1.130	33.880
-1.230	33.850
-1.330	33.740
-1.470	33.470
-1.510	33.340
-1.540	33.270
-1.560	33.110
-1.500	33.000
-1.350	32.890
-1.210	32.830
-0.840	32.760
-0.470	32.670
-0.300	32.590
-0.180	32.550
0.050	32.440
POLYLINE GREEN
-0.040	32.630
-0.090	32.610
POLYLINE GREEN
-0.180	32.710
-0.170	32.740
-0.260	32.700
POLYLINE GREEN
-0.290	32.870
-0.330	32.850
POLYLINE GREEN
-0.360	33.000
-0.340	32.990
POLYLINE GREEN
-0.370	33.130
-0.310	33.140
-0.370	33.130
POLYLINE GREEN
-0.330	33.290
-0.290	33.280
-0.270	33.260
-0.310	33.280
POLYLINE GREEN
-0.270	33.400
-0.210	33.410
-0.250	33.400
POLYLINE GREEN
-0.200	33.560
-0.210	33.580
-0.260	33.500
-0.360	33.290
-0.410	33.060
-0.360	32.840
-0.310	32.760
-0.100	32.560
-0.020	32.530
0.140	32.480
POLYLINE GREEN
0.710	32.090
0.700	32.170
0.640	32.250
0.370	32.390
0.240	32.410
0.150	32.470
POLYLINE GREEN
0.170	33.660
-0.050	33.620
-0.180	33.610
-0.310	33.570
POLYLINE GREEN
1.200	32.070
1.150	31.920
POLYLINE GREEN
1.140	32.130
1.110	32.030
POLYLINE GREEN
1.100	32.170
1.100	32.150
POLYLINE GREEN
0.980	32.210
0.960	32.120
POLYLINE GREEN
0.840	32.170
0.830	32.090
POLYLINE GREEN
0.770	32.130
0.790	32.150
0.990	32.140
1.050	32.120
1.070	32.130
1.210	32.040
POLYLINE GREEN
0.510	30.650
0.640	31.360
0.660	31.440
0.650	31.660
0.660	31.690
0.650	31.710
0.690	32.050
0.720	32.190
POLYLINE GREEN
0.820	30.520
0.970	30.980
0.990	31.020
1.030	31.180
1.050	31.340
1.110	31.510
1.110	31.550
1.250	32.080
1.290	32.370
1.300	32.630
1.320	32.790
POLYLINE GREEN
0.800	30.520
0.930	30.920
POLYLINE GREEN
0.490	30.550
0.510	30.650
0.580	30.890
POLYLINE GREEN
0.860	30.770
0.820	30.700
POLYLINE GREEN
0.800	30.810
0.790	30.760
POLYLINE GREEN
0.710	30.790
0.710	30.810
0.690	30.750
POLYLINE GREEN
0.610	30.830
0.590	30.760
POLYLINE GREEN
0.550	30.700
0.550	30.720
0.720	30.720
0.820	30.700
POLYLINE GREEN
0.750	30.170
0.780	30.430
0.840	30.580
POLYLINE GREEN
0.380	30.210
0.380	30.260
0.460	30.510
0.470	30.570
POLYLINE GREEN
0.670	30.190
0.640	30.120
POLYLINE GREEN
0.600	30.220
0.580	30.150
POLYLINE GREEN
0.540	30.230
0.510	30.140
POLYLINE GREEN
0.430	30.240
0.510	30.290
0.580	30.280
0.620	30.250
0.700	30.240
POLYLINE GREEN
0.460	29.010
0.510	29.200
0.550	29.320
0.580	29.510
0.590	29.640
0.650	29.790
POLYLINE GREEN
0.630	29.730
0.570	29.630
POLYLINE GREEN
0.520	29.740
0.490	29.630
POLYLINE GREEN
0.460	29.760
0.410	29.670
POLYLINE GREEN
0.360	29.780
0.340	29.670
POLYLINE GREEN
0.200	29.770
0.450	29.790
0.640	29.720
POLYLINE GREEN
0.160	29.160
0.140	29.290
0.150	29.430
0.180	29.560
0.170	29.600
0.190	29.730
0.380	30.230
POLYLINE GREEN
-0.190	26.370
-0.200	26.310
POLYLINE GREEN
-0.340	26.520
-0.360	26.440
POLYLINE GREEN
-0.590	26.580
-0.580	26.550
-0.590	26.490
POLYLINE GREEN
-0.840	26.560
-0.820	26.520
POLYLINE GREEN
-0.930	26.470
-0.930	26.470
POLYLINE GREEN
-1.040	26.410
-1.010	26.370
POLYLINE GREEN
-1.100	26.280
-1.080	26.240
POLYLINE GREEN
-0.450	26.580
-0.480	26.610
-0.540	26.630
-0.560	26.620
-0.620	26.630
-0.800	26.610
-0.860	26.580
-1.080	26.350
-1.240	26.060
POLYLINE GREEN
-0.260	25.820
-0.350	25.780
POLYLINE GREEN
-0.320	25.980
-0.380	25.920
POLYLINE GREEN
-0.460	26.140
-0.540	26.030
POLYLINE GREEN
-0.650	26.220
-0.680	26.090
POLYLINE GREEN
-0.840	26.100
-0.850	26.030
POLYLINE GREEN
-1.040	26.080
-1.040	26.100
-1.020	26.010
POLYLINE GREEN
-1.200	26.000
-1.200	26.040
-1.170	25.880
POLYLINE GREEN
-1.330	25.930
-1.290	25.990
-1.230	26.030
-0.700	26.200
-0.670	26.220
-0.650	26.200
-0.630	26.210
-0.560	26.150
-0.460	26.110
-0.390	26.030
-0.310	25.890
-0.250	25.690
POLYLINE GREEN
-1.000	25.430
-0.890	25.620
-0.840	25.720
-0.810	25.740
POLYLINE GREEN
-1.080	25.610
-1.010	25.420
POLYLINE GREEN
-1.080	25.610
-0.880	25.470
-0.770	25.530
POLYLINE GREEN
-1.070	25.630
-0.730	25.440
-0.720	25.620
-0.740	25.730
-0.850	25.820
-1.020	25.830
-1.040	25.820
-1.110	25.620
POLYLINE GREEN
-1.280	24.880
-1.320	24.850
POLYLINE GREEN
-1.310	24.900
-1.310	24.880
-1.150	24.650
POLYLINE GREEN
-1.160	24.820
-1.170	24.870
-1.150	24.880
-1.220	24.750
-1.250	24.650
POLYLINE GREEN
-1.310	24.890
-1.310	24.910
-1.230	24.930
-1.220	24.950
-1.110	24.860
-1.080	24.700
-1.090	24.570
POLYLINE GREEN
0.210	28.470
0.210	28.520
POLYLINE GREEN
0.140	28.430
0.130	28.500
POLYLINE GREEN
0.040	28.480
0.050	28.540
POLYLINE GREEN
-0.030	28.580
-0.010	28.590
0.120	28.560
0.230	28.500
POLYLINE GREEN
0.060	27.990
0.070	28.060
POLYLINE GREEN
-0.030	27.990
-0.020	28.080
POLYLINE GREEN
-0.120	27.990
-0.120	28.080
POLYLINE GREEN
-0.180	28.140
-0.160	28.150
-0.030	28.130
0.130	28.060
POLYLINE GREEN
-0.050	27.600
POLYLINE GREEN
-0.160	27.680
POLYLINE GREEN
-0.230	27.660
-0.230	27.700
POLYLINE GREEN
-0.300	27.780
-0.280	27.790
-0.050	27.700
0.020	27.700
POLYLINE GREEN
-0.440	27.370
-0.420	27.420
POLYLINE GREEN
-0.370	27.360
-0.400	27.420
POLYLINE GREEN
-0.320	27.310
-0.320	27.380
POLYLINE GREEN
-0.230	27.270
-0.200	27.330
POLYLINE GREEN
-0.450	27.460
-0.450	27.480
-0.250	27.430
-0.060	27.310
POLYLINE GREEN
-0.760	27.010
-0.780	27.070
POLYLINE GREEN
-0.630	26.980
-0.640	27.060
POLYLINE GREEN
-0.510	26.930
-0.530	27.040
POLYLINE GREEN
-0.400	26.910
-0.400	26.910
-0.380	26.930
POLYLINE GREEN
-0.330	26.810
-0.320	26.830
POLYLINE GREEN
-0.890	27.070
-0.830	27.100
-0.670	27.090
-0.440	27.040
-0.270	26.930
-0.190	26.810
POLYLINE GREEN
-0.880	27.150
-0.890	27.170
-0.840	27.320
-0.670	27.510
-0.610	27.520
-0.530	27.500
-0.470	27.520
-0.430	27.600
-0.410	27.670
-0.300	27.990
-0.230	28.170
-0.150	28.310
0.040	28.820
0.170	29.140
POLYLINE GREEN
-0.220	26.580
-0.230	26.640
-0.120	26.980
-0.040	27.200
0.070	27.590
0.080	27.660
0.100	27.810
0.270	28.450
0.340	28.760
0.470	29.020
POLYLINE GREEN
-0.970	24.520
-0.950	24.540
-0.940	24.610
-0.910	24.580
-0.940	24.540
POLYLINE GREEN
-1.170	24.480
-1.090	24.590
-1.060	24.500
-1.040	24.530
-1.050	24.570
-1.060	24.490
-1.090	24.520
-1.120	24.470
POLYLINE GREEN
-1.320	24.560
-1.260	24.610
-1.270	24.540
-1.240	24.610
-1.260	24.590
POLYLINE GREEN
-1.420	24.730
-1.340	24.760
-1.410	24.640
-1.410	24.620
-1.340	24.730
-1.400	24.720
-1.420	24.700
-1.430	24.710
-1.410	24.740
-1.460	24.710
-1.440	24.700
-1.370	24.730
-1.350	24.720
-1.390	24.630
POLYLINE GREEN
-1.450	24.910
-1.370	24.920
-1.430	24.830
-1.370	24.880
-1.380	24.900
-1.450	24.920
-1.380	24.920
-1.400	24.900
POLYLINE GREEN
-0.940	27.010
-0.940	27.150
POLYLINE GREEN
-0.150	26.080
-0.110	26.210
-0.170	26.420
-0.280	26.650
-0.290	26.920
POLYLINE GREEN
-1.160	26.690
-1.060	26.790
-0.980	26.970
-0.960	27.000
POLYLINE GREEN
-0.750	24.730
-0.730	24.830
-0.660	24.980
-0.610	25.130
-0.530	25.290
-0.530	25.320
-0.260	25.680
-0.180	25.860
-0.160	26.020
-0.030	26.290
POLYLINE GREEN
-1.410	25.170
-1.370	25.330
-1.350	25.480
-1.330	25.730
-1.310	25.850
-1.320	25.900
-1.310	25.940
-1.320	25.960
-1.240	26.290
-1.260	26.340
-1.260	26.450
-1.210	26.670
POLYLINE GREEN
-1.470	24.870
-1.490	25.000
-1.420	25.180
POLYLINE GREEN
-0.880	24.590
-0.720	24.780
-0.710	24.800
POLYLINE GREEN
-1.140	24.510
-1.140	24.490
-1.080	24.470
POLYLINE GREEN
-1.170	24.320
-1.120	24.400
-0.920	24.560
POLYLINE GREEN
-1.430	24.840
-1.430	24.860
-1.480	24.770
-1.420	24.650
-1.330	24.540
-1.290	24.540
-1.250	24.520
-1.250	24.500
-1.210	24.470
-1.110	24.490
POLYLINE GREEN
-2.400	24.000
-2.410	24.050
-2.330	24.120
-2.200	24.300
-2.070	24.560
-2.000	24.650
-1.690	24.790
-1.490	24.840
-1.400	24.900
-1.320	24.900
-1.240	24.920
POLYLINE GREEN
-1.790	24.030
-1.790	24.050
-1.690	24.100
-1.630	24.140
-1.590	24.130
-1.570	24.140
-1.550	24.130
-1.510	24.140
-1.490	24.130
-1.350	24.150
-1.240	24.220
-1.180	24.330
-1.090	24.450
-1.030	24.590
-1.010	24.720
POLYLINE GREEN
-2.540	24.000
-2.540	24.020
-2.420	24.050
-2.400	24.070
POLYLINE GREEN
-2.580	23.680
-2.590	23.700
-2.420	23.790
-2.380	23.820
-2.080	23.940
-2.040	23.960
-1.940	24.000
-1.890	24.020
-1.790	24.060
-1.770	24.090
-1.720	24.110
POLYLINE GREEN
-2.720	23.990
-2.720	23.990
POLYLINE GREEN
-2.710	23.890
-2.750	23.900
-2.730	23.900
POLYLINE GREEN
-2.740	23.800
-2.740	23.800
POLYLINE GREEN
-2.820	23.730
POLYLINE GREEN
-2.830	23.660
-2.830	23.680
-2.760	23.720
-2.700	23.810
-2.660	23.870
-2.690	24.020
POLYLINE GREEN
-2.780	24.080
-2.630	24.020
POLYLINE GREEN
-4.580	24.410
-4.440	24.550
-4.300	24.580
-4.150	24.550
-3.960	24.570
-3.630	24.540
-3.570	24.550
-3.480	24.530
-3.090	24.280
-3.040	24.220
-2.860	24.130
-2.810	24.130
POLYLINE GREEN
-2.940	24.130
-2.920	24.120
-2.940	24.110
-3.100	24.130
-3.160	24.110
-3.550	24.210
-3.650	24.220
-3.740	24.270
-3.800	24.260
-3.840	24.270
-3.870	24.250
-3.970	24.270
-4.030	24.240
-4.070	24.250
-4.110	24.240
-4.130	24.260
-4.190	24.210
-4.270	24.200
-4.330	24.210
-4.350	24.230
-4.590	24.200
-4.670	24.170
POLYLINE GREEN
-5.310	23.530
-5.270	23.570
POLYLINE GREEN
-5.220	23.480
-5.170	23.540
POLYLINE GREEN
-5.140	23.430
-5.070	23.540
POLYLINE GREEN
-5.040	23.380
-5.020	23.380
-4.950	23.490
POLYLINE GREEN
-4.790	23.330
-4.810	23.320
-4.890	23.340
-4.910	23.330
-5.180	23.440
-5.270	23.450
-5.330	23.480
-5.330	23.560
POLYLINE GREEN
-4.250	23.510
POLYLINE GREEN
-4.380	23.590
-4.400	23.550
POLYLINE GREEN
-4.510	23.730
-4.610	23.650
POLYLINE GREEN
-4.640	23.890
-4.660	23.900
-4.700	23.890
POLYLINE GREEN
-4.610	24.040
-4.630	24.030
-4.730	24.050
POLYLINE GREEN
-4.580	24.150
-4.600	24.140
-4.640	24.170
POLYLINE GREEN
-4.880	23.770
-4.960	23.820
POLYLINE GREEN
-4.860	23.550
-4.830	23.630
POLYLINE GREEN
-4.750	23.530
-4.710	23.610
POLYLINE GREEN
-4.620	23.460
-4.620	23.480
POLYLINE GREEN
-4.520	23.450
-4.540	23.440
-4.760	23.470
-4.810	23.520
-5.030	23.620
-5.050	23.690
-4.990	23.910
POLYLINE GREEN
-4.600	23.590
-4.710	23.760
-4.800	23.850
-4.810	23.900
-4.620	24.450
POLYLINE GREEN
-4.090	23.370
-4.110	23.380
-4.130	23.370
-4.210	23.420
-4.290	23.430
-4.320	23.450
-4.340	23.450
-4.580	23.560
-4.580	23.580
-4.630	23.620
POLYLINE GREEN
-5.110	23.260
-5.120	23.290
-5.230	23.270
-5.460	23.380
-5.500	23.380
-5.590	23.470
-5.480	23.520
POLYLINE GREEN
-3.680	23.370
-3.680	23.390
-3.400	23.460
-3.160	23.550
-3.000	23.580
-2.880	23.630
-2.660	23.660
-2.520	23.690
POLYLINE GREEN
-5.090	23.230
-4.840	23.280
-4.690	23.290
-4.550	23.350
-4.330	23.360
-4.080	23.330
-3.950	23.360
-3.730	23.380
-3.710	23.370
POLYLINE BLACK
-2.180	22.470
-2.160	22.480
POLYLINE BLACK
-2.430	22.620
-2.320	22.620
-2.330	22.550
-2.270	22.630
-2.260	22.610
-2.320	22.520
-2.210	22.500
POLYLINE BLACK
-2.370	22.620
-2.410	22.500
POLYLINE BLACK
-2.440	22.650
-2.470	22.670
-2.520	22.630
-2.470	22.530
-2.510	22.500
POLYLINE BLACK
-2.850	22.550
-2.840	22.570
-2.770	22.570
POLYLINE BLACK
-2.820	22.640
-2.850	22.530
-2.790	22.690
-2.780	22.480
POLYLINE BLACK
-2.980	22.630
-2.990	22.570
-2.980	22.640
-2.940	22.530
-2.880	22.680
POLYLINE BLACK
-3.110	22.580
-3.110	22.600
-3.090	22.590
POLYLINE BLACK
-3.070	22.650
-3.070	22.650
-3.060	22.630
-3.070	22.520
POLYLINE BLACK
-3.200	22.650
-3.210	22.610
-3.160	22.650
-3.210	22.560
-3.150	22.550
POLYLINE BLACK
-3.290	22.650
-3.300	22.550
POLYLINE BLACK
-3.360	22.590
-3.320	22.610
POLYLINE BLACK
-3.380	22.670
-3.370	22.620
-3.380	22.580
-3.340	22.560
POLYLINE BLACK
-4.050	22.600
-4.100	22.580
-3.930	22.640
-3.890	22.670
-4.020	22.600
-4.200	22.570
POLYLINE BLACK
-3.700	22.660
-3.700	22.640
-3.680	22.660
POLYLINE BLACK
-3.790	22.640
-3.790	22.720
POLYLINE BLUE
-3.890	23.430
-3.890	23.430
-3.880	23.450
POLYLINE BLUE
-3.710	23.310
-3.770	23.340
-3.790	23.340
-3.780	23.380
POLYLINE BLUE
-3.650	23.150
-3.710	23.170
-3.680	23.210
POLYLINE BLUE
-3.570	22.920
-3.610	22.970
-3.600	22.990
POLYLINE BLUE
-3.550	22.710
-3.590	22.740
-3.570	22.780
POLYLINE BLUE
-3.390	22.420
-3.430	22.410
-3.450	22.420
POLYLINE BLUE
-4.160	23.200
-4.140	23.250
-4.150	23.310
POLYLINE BLUE
-4.190	23.120
-4.190	23.100
-4.150	23.100
-4.140	23.130
-4.170	23.160
POLYLINE BLUE
-4.050	23.000
-4.030	23.040
-4.000	23.000
POLYLINE BLUE
-3.890	22.810
-3.850	22.860
-3.890	22.880
POLYLINE BLUE
-3.870	22.660
-3.830	22.690
-3.880	22.730
POLYLINE BLUE
-3.870	22.530
-3.870	22.510
-3.850	22.540
-3.890	22.570
POLYLINE BLUE
-3.720	22.360
-3.710	22.400
-3.770	22.410
POLYLINE BLUE
-3.580	22.240
-3.560	22.300
-3.620	22.310
-3.620	22.310
POLYLINE BLUE
-3.330	22.260
-3.330	22.340
-3.380	22.430
-3.420	22.460
POLYLINE BLUE
-4.140	23.230
-4.160	23.290
-4.190	23.140
-4.130	23.020
-4.050	22.980
-3.990	22.970
-3.920	22.930
-3.870	22.780
-3.890	22.590
-3.840	22.470
-3.720	22.360
-3.530	22.240
-3.490	22.220
-3.450	22.240
-3.410	22.220
-3.350	22.230
-3.330	22.310
POLYLINE BLUE
-3.610	23.120
-3.610	23.120
-3.540	22.850
-3.520	22.580
-3.480	22.540
POLYLINE BLUE
-4.000	23.400
-4.020	23.400
-3.960	23.470
-3.880	23.480
-3.730	23.340
-3.710	23.340
-3.620	23.110
POLYLINE BLACK
-3.980	22.480
-3.970	22.500
POLYLINE BLACK
-3.960	22.390
-3.900	22.430
POLYLINE BLACK
-3.940	22.310
-3.880	22.310
POLYLINE BLACK
-3.880	22.190
-3.840	22.220
POLYLINE BLACK
-3.730	22.110
-3.720	22.130
-3.840	22.200
-3.920	22.270
-3.990	22.530
-4.060	22.620
POLYLINE BLACK
-4.890	22.670
-4.860	22.590
POLYLINE BLACK
-4.960	22.660
-4.960	22.630
-4.940	22.620
POLYLINE BLACK
-5.030	22.600
-4.980	22.530
POLYLINE BLACK
-5.060	22.500
-5.070	22.530
-4.940	22.690
POLYLINE BLACK
-4.690	22.500
-4.650	22.480
POLYLINE BLACK
-4.700	22.400
-4.680	22.410
-4.660	22.400
POLYLINE BLACK
-4.720	22.300
-4.680	22.310
POLYLINE BLACK
-4.730	22.200
-4.750	22.370
-4.720	22.500
-4.690	22.550
POLYLINE BLACK
-4.320	22.490
-4.300	22.480
-4.240	22.500
POLYLINE BLACK
-4.300	22.370
-4.300	22.390
-4.260	22.380
POLYLINE BLACK
-4.310	22.290
-4.310	22.310
-4.270	22.310
POLYLINE BLACK
-4.260	22.230
-4.240	22.230
POLYLINE BLACK
-4.190	22.120
-4.280	22.200
-4.340	22.320
-4.340	22.520
POLYLINE BLUE
-4.160	23.230
-4.150	23.290
-4.080	23.350
-4.010	23.420
POLYLINE BLACK
-5.400	22.420
-5.420	22.430
-5.480	22.420
-5.560	22.530
-5.470	22.550
POLYLINE BLACK
-5.310	22.750
-5.320	22.820
-5.340	22.830
-5.280	22.750
-5.260	22.750
-5.220	22.690
-5.160	22.670
-5.200	22.590
-5.220	22.580
-5.240	22.590
-5.380	22.540
-5.410	22.570
-5.400	22.540
POLYLINE BLACK
-3.890	22.660
-3.970	22.610
-4.130	22.570
-4.290	22.610
-4.330	22.620
-4.380	22.600
-4.400	22.600
-4.420	22.580
-4.580	22.570
-4.620	22.600
-4.730	22.610
-4.760	22.650
-4.890	22.700
-5.030	22.780
-5.080	22.780
-5.170	22.850
-5.210	22.870
POLYLINE BLACK
-3.300	22.330
-3.360	22.410
-3.620	22.620
-3.780	22.650
-3.830	22.640
-3.850	22.650
POLYLINE BLACK
-3.370	22.070
-3.460	22.130
-3.610	22.090
-3.710	22.060
-3.810	22.070
-3.830	22.060
-3.870	22.080
-4.160	22.070
-4.180	22.080
-4.220	22.070
-4.260	22.090
-4.340	22.100
-4.360	22.090
-4.380	22.100
-4.540	22.080
-4.600	22.110
-4.620	22.100
-4.800	22.150
-4.880	22.190
-4.880	22.210
-4.940	22.250
-5.040	22.320
-5.080	22.320
-5.260	22.400
-5.330	22.350
-5.350	22.370
POLYLINE BLACK
-3.360	22.020
-3.370	22.080
-3.400	22.140
-3.440	22.160
POLYLINE BLACK
-3.080	22.070
-3.080	22.110
-3.100	22.110
-3.150	22.150
-3.250	22.160
-3.320	22.210
-3.300	22.340
POLYLINE BLACK
-3.330	21.970
-3.350	22.030
-3.410	22.070
POLYLINE BLACK
-2.010	20.770
-2.020	20.800
-2.030	20.780
-1.960	20.680
-1.920	20.660
-1.900	20.570
-1.890	20.490
-1.930	20.430
-1.950	20.360
-1.980	20.330
-2.030	20.380
-2.040	20.480
-2.050	20.580
-2.110	20.650
-2.170	20.660
POLYLINE BLACK
-2.120	21.240
-2.160	21.230
-2.180	21.210
-2.160	21.200
POLYLINE BLACK
-2.220	21.400
-2.240	21.410
-2.280	21.320
-2.260	21.310
-2.220	21.320
POLYLINE BLACK
-2.320	21.530
-2.340	21.530
-2.370	21.490
-2.340	21.470
-2.320	21.470
POLYLINE BLACK
-2.460	21.680
-2.470	21.600
-2.450	21.590
-2.430	21.600
POLYLINE BLACK
-2.600	21.780
-2.610	21.800
-2.600	21.730
-2.540	21.760
POLYLINE BLACK
-2.040	21.010
-2.090	21.050
-2.110	21.050
-2.120	21.070
-2.090	21.140
POLYLINE BLACK
-2.070	20.800
-2.120	20.880
-2.080	20.890
POLYLINE BLACK
-2.230	20.670
-2.230	20.690
-2.240	20.670
-2.240	20.730
-2.200	20.710
POLYLINE BLACK
-2.450	20.660
-2.410	20.740
-2.380	20.680
POLYLINE BLACK
-2.660	20.720
-2.620	20.780
-2.580	20.710
POLYLINE BLACK
-2.910	20.890
-2.890	20.880
-2.770	20.970
-2.790	20.790
POLYLINE BLACK
-2.770	21.840
-2.780	21.870
-2.780	21.820
-2.760	21.810
-2.700	21.850
POLYLINE BLACK
-2.970	21.950
-2.970	21.950
-2.940	21.860
-2.890	21.940
POLYLINE BLACK
-3.100	21.750
-3.100	21.770
-3.040	21.760
-3.100	21.930
POLYLINE BLACK
-3.110	21.560
-3.050	21.560
-3.050	21.560
-3.130	21.660
POLYLINE BLACK
-3.080	21.310
-3.040	21.370
-3.100	21.420
-3.120	21.420
-3.080	21.370
POLYLINE BLACK
-3.030	21.070
-3.000	21.160
-3.060	21.200
-3.080	21.190
POLYLINE BLACK
-3.110	21.530
-3.140	21.640
-3.120	21.890
-3.070	21.940
-2.970	21.960
-2.930	21.950
-2.910	21.960
-2.860	21.930
-2.820	21.920
POLYLINE BLACK
-3.040	21.170
-3.100	21.320
-3.120	21.540
-3.160	21.640
-3.190	21.710
-3.300	21.920
-3.340	21.970
POLYLINE BLACK
-2.920	20.930
-3.040	21.100
-3.100	21.260
POLYLINE BLACK
-2.120	20.700
-2.070	20.750
-2.030	20.880
-2.040	21.000
-2.080	21.130
-2.230	21.410
-2.370	21.630
-2.560	21.790
-2.580	21.790
-2.620	21.810
-2.640	21.810
-2.850	21.960
-2.970	22.020
-3.010	22.030
-3.130	22.140
POLYLINE BLACK
-2.960	20.940
-2.980	20.950
-2.990	20.930
-2.930	20.910
-2.900	20.870
-2.600	20.700
-2.470	20.640
-2.340	20.650
-2.240	20.640
-2.100	20.690
-2.050	20.760

ELEVATION
STATIONS
38.326	-8.618	2.3
39.719	-9.776	2.4
40.422	-11.775	2.5
42.161	-11.910	2.6
45.018	-14.473	2.7
47.625	-12.895	2.8
51.367	-12.284	2.9
52.540	-12.077	2.10
53.372	-13.655	2.11
46.160	-15.765	3.1
47.497	-16.587	3.2
49.173	-17.063	3.3
52.041	-17.340	3.4
47.031	-16.165	4.1
47.849	-16.443	4.2
51.002	-16.361	4.3
SHOTS
47.849	-16.443	51.002	-16.361
51.002	-16.361	50.838	-16.488
51.002	-16.361	50.108	-16.418
51.002	-16.361	51.230	-15.913
51.002	-16.361	50.769	-16.213
51.002	-16.361	50.179	-16.309
51.002	-16.361	50.988	-15.987
47.031	-16.165	47.849	-16.443
47.849	-16.443	47.832	-16.648
47.849	-16.443	47.780	-16.280
47.849	-16.443	47.453	-16.391
47.849	-16.443	49.196	-16.381
47.849	-16.443	49.403	-16.487
47.849	-16.443	48.701	-16.446
47.849	-16.443	49.193	-16.423
47.849	-16.443	47.767	-16.463
45.018	-14.473	47.031	-16.165
47.031	-16.165	46.869	-16.210
47.031	-16.165	47.443	-16.312
47.031	-16.165	48.774	-16.752
47.031	-16.165	48.373	-16.616
47.031	-16.165	47.974	-16.484
47.031	-16.165	47.426	-16.540
47.031	-16.165	48.430	-16.958
47.031	-16.165	48.509	-16.404
49.173	-17.063	52.041	-17.340
47.497	-16.587	49.173	-17.063
49.173	-17.063	49.166	-17.053
49.173	-17.063	49.914	-17.036
49.173	-17.063	50.167	-17.097
49.173	-17.063	50.503	-17.172
49.173	-17.063	49.713	-17.082
49.173	-17.063	48.770	-16.991
46.160	-15.765	47.497	-16.587
47.497	-16.587	47.255	-16.483
47.497	-16.587	47.901	-16.529
47.497	-16.587	48.586	-16.755
47.497	-16.587	48.692	-16.967
47.497	-16.587	48.451	-16.911
47.497	-16.587	47.867	-16.714
47.497	-16.587	46.684	-15.778
45.018	-14.473	46.160	-15.765
52.540	-12.077	53.372	-13.655
51.367	-12.284	52.540	-12.077
47.625	-12.895	51.367	-12.284
51.367	-12.284	49.520	-11.516
51.367	-12.284	50.153	-11.028
51.367	-12.284	51.363	-10.961
51.367	-12.284	48.304	-12.469
51.367	-12.284	49.008	-11.871
51.367	-12.284	49.502	-12.687
51.367	-12.284	51.094	-12.484
51.367	-12.284	50.639	-12.201
51.367	-12.284	50.803	-12.519
51.367	-12.284	52.674	-12.167
51.367	-12.284	51.922	-12.335
51.367	-12.284	52.654	-12.033
51.367	-12.284	52.812	-11.787
51.367	-12.284	51.062	-12.137
51.367	-12.284	51.666	-12.193
51.367	-12.284	52.387	-11.261
51.367	-12.284	53.135	-11.511
51.367	-12.284	51.914	-10.188
45.018	-14.473	47.625	-12.895
47.625	-12.895	47.697	-13.372
47.625	-12.895	47.540	-12.929
47.625	-12.895	47.621	-12.609
47.625	-12.895	48.027	-12.573
47.625	-12.895	48.590	-12.884
47.625	-12.895	48.910	-12.687
42.161	-11.910	45.018	-14.473
45.018	-14.473	44.404	-14.610
45.018	-14.473	42.760	-12.776
45.018	-14.473	42.805	-14.678
45.018	-14.473	42.916	-14.596
45.018	-14.473	43.876	-14.442
45.018	-14.473	44.787	-14.385
45.018	-14.473	45.330	-14.339
45.018	-14.473	42.908	-14.461
45.018	-14.473	43.230	-15.454
45.018	-14.473	43.567	-15.500
45.018	-14.473	42.745	-15.333
45.018	-14.473	43.678	-16.101
45.018	-14.473	44.564	-15.235
45.018	-14.473	43.309	-11.931
45.018	-14.473	45.013	-12.425
45.018	-14.473	43.741	-10.248
40.422	-11.775	42.161	-11.910
42.161	-11.910	42.149	-11.871
42.161	-11.910	43.014	-11.900
42.161	-11.910	42.967	-12.014
42.161	-11.910	42.750	-12.446
39.719	-9.776	40.422	-11.775
40.422	-11.775	40.642	-11.527
40.422	-11.775	39.915	-11.167
40.422	-11.775	39.292	-10.895
40.422	-11.775	38.378	-10.005
40.422	-11.775	38.707	-10.620
40.422	-11.775	40.066	-11.515
40.422	-11.775	41.412	-11.179
40.422	-11.775	40.580	-12.462
40.422	-11.775	41.197	-12.262
40.422	-11.775	39.607	-12.564
40.422	-11.775	39.630	-11.584
38.326	-8.618	39.719	-9.776
39.719	-9.776	38.885	-9.907
39.719	-9.776	39.513	-9.778
39.719	-9.776	38.963	-9.676
39.719	-9.776	39.432	-10.778
36.927	-6.421	38.326	-8.618
38.326	-8.618	39.662	-6.034
38.326	-8.618	38.785	-7.119
38.326	-8.618	39.124	-8.342
38.326	-8.618	39.980	-7.802
POLYLINE GREEN
47.735	-16.415
48.440	-16.520
48.650	-16.505
48.740	-16.535
49.160	-16.520
49.250	-16.535
49.655	-16.520
50.075	-16.460
50.405	-16.490
50.660	-16.445
51.020	-16.460
51.080	-16.415
51.110	-16.415
51.140	-16.385
51.185	-16.070
51.155	-16.040
51.095	-16.055
50.975	-16.025
50.765	-16.160
50.555	-16.205
50.075	-16.205
49.835	-16.175
49.640	-16.205
49.550	-16.190
49.325	-16.310
49.235	-16.340
49.070	-16.310
48.890	-16.340
48.530	-16.355
48.275	-16.370
47.885	-16.310
POLYLINE GREEN
45.800	-14.855
45.960	-15.035
46.260	-15.215
46.840	-15.635
47.280	-16.015
47.660	-16.195
48.060	-16.335
POLYLINE GREEN
46.820	-16.215
47.100	-16.335
47.120	-16.375
47.160	-16.355
47.280	-16.395
47.360	-16.375
47.520	-16.435
47.560	-16.415
47.920	-16.435
POLYLINE GREEN
46.760	-16.175
46.740	-16.095
46.340	-15.895
45.940	-15.775
45.900	-15.775
45.340	-15.495
POLYLINE BLUE
52.520	-17.855
52.560	-17.835
POLYLINE BLUE
52.540	-17.495
52.660	-17.415
52.660	-17.455
52.580	-17.535
52.580	-17.635
52.640	-17.715
POLYLINE BLUE
51.980	-17.535
52.120	-17.495
POLYLINE BLUE
45.640	-14.495
45.600	-14.495
45.580	-14.555
45.920	-14.975
46.240	-15.375
46.740	-15.775
47.580	-16.335
47.860	-16.435
48.240	-16.615
48.320	-16.615
48.760	-16.735
48.800	-16.715
49.040	-16.815
49.200	-16.875
49.580	-16.915
49.620	-16.895
50.020	-16.935
50.100	-16.955
50.180	-16.935
50.260	-16.975
50.680	-16.935
50.840	-16.995
51.120	-16.975
51.700	-17.075
51.920	-17.095
52.400	-17.235
52.580	-17.255
POLYLINE BLUE
44.920	-15.135
44.920	-15.175
45.080	-15.195
45.120	-15.175
45.400	-15.395
46.020	-15.895
46.060	-15.875
46.300	-16.075
46.340	-16.155
46.420	-16.175
46.540	-16.235
46.660	-16.275
46.860	-16.435
46.860	-16.475
47.140	-16.615
47.260	-16.715
47.300	-16.695
47.700	-16.835
47.780	-16.855
47.860	-16.915
47.900	-16.895
48.380	-17.035
48.640	-17.155
48.760	-17.155
49.040	-17.295
49.200	-17.275
49.240	-17.315
49.280	-17.295
49.360	-17.335
49.400	-17.315
49.440	-17.335
49.560	-17.315
49.800	-17.355
49.920	-17.315
50.200	-17.355
50.240	-17.315
50.320	-17.335
50.400	-17.315
50.540	-17.355
50.660	-17.335
51.140	-17.475
51.220	-17.455
51.660	-17.495
52.040	-17.555
52.080	-17.535
POLYLINE BLACK
51.380	-12.455
52.000	-12.415
POLYLINE BLACK
51.400	-10.915
51.420	-10.955
POLYLINE BLACK
51.320	-11.035
51.300	-10.955
51.540	-11.015
51.580	-10.975
POLYLINE BLACK
52.320	-10.855
52.320	-10.755
52.420	-10.655
52.500	-10.655
52.540	-10.615
52.500	-10.115
POLYLINE BLACK
52.180	-10.215
52.340	-9.995
52.380	-9.975
52.380	-10.015
52.500	-10.095
POLYLINE BLACK
52.460	-10.375
52.500	-10.175
POLYLINE BLACK
52.260	-10.915
52.240	-10.875
52.460	-10.375
POLYLINE BLACK
51.400	-10.915
51.920	-10.655
52.120	-10.295
POLYLINE BLACK
52.320	-11.535
52.160	-11.435
52.100	-11.315
52.280	-10.815
POLYLINE BLUE
50.100	-6.795
50.160	-6.775
POLYLINE BLUE
52.560	-11.295
52.640	-10.975
POLYLINE BLUE
53.120	-11.355
53.020	-11.155
53.000	-10.935
POLYLINE BLUE
51.820	-11.595
52.060	-11.635
52.280	-11.555
52.300	-11.515
52.300	-11.555
52.580	-11.375
52.620	-11.275
POLYLINE BLUE
52.740	-12.115
52.760	-11.815
52.820	-11.735
53.100	-11.615
53.160	-11.535
53.180	-11.115
POLYLINE BLACK
52.700	-12.055
52.700	-11.935
52.920	-11.735
53.040	-11.675
POLYLINE BLACK
52.480	-12.405
52.580	-12.405
52.670	-12.505
52.800	-12.825
52.820	-13.005
52.890	-13.135
52.970	-13.255
52.990	-13.325
52.990	-13.345
53.060	-13.525
53.080	-13.625
53.140	-13.675
53.190	-13.685
POLYLINE BLACK
52.760	-12.215
52.780	-12.285
52.950	-12.485
52.950	-12.505
52.990	-12.515
53.160	-12.695
53.300	-12.765
53.340	-12.825
53.330	-13.095
53.360	-13.335
53.420	-13.545
53.420	-13.605
POLYLINE BLACK
52.670	-12.065
52.660	-12.085
52.680	-12.175
POLYLINE BLACK
52.710	-12.135
52.700	-12.105
52.690	-12.135
52.670	-12.045
52.620	-11.945
52.600	-11.885
POLYLINE BLACK
51.980	-11.985
51.980	-11.985
52.050	-12.055
52.090	-12.055
52.120	-12.075
52.200	-12.065
52.220	-12.075
52.250	-12.065
52.270	-12.075
52.350	-12.055
52.360	-11.955
POLYLINE BLACK
51.770	-11.585
51.730	-11.505
51.630	-11.425
51.550	-11.305
51.530	-11.265
51.500	-11.115
POLYLINE BLACK
52.050	-12.425
52.060	-12.315
52.140	-12.295
52.160	-12.305
52.200	-12.295
52.220	-12.305
52.320	-12.265
52.340	-12.275
52.480	-12.235
52.500	-12.215
52.540	-12.215
52.560	-12.195
52.580	-12.205
52.660	-12.165
POLYLINE BLACK
48.700	-12.805
48.830	-12.745
48.870	-12.745
48.910	-12.725
49.020	-12.715
49.090	-12.725
49.380	-12.685
49.520	-12.705
49.900	-12.655
50.060	-12.615
50.100	-12.615
50.120	-12.595
50.260	-12.595
50.330	-12.565
50.510	-12.585
50.810	-12.525
50.850	-12.495
50.930	-12.505
51.190	-12.485
51.360	-12.465
POLYLINE BLACK
50.230	-11.005
50.340	-10.995
50.540	-11.015
50.860	-10.965
51.180	-10.955
POLYLINE BLACK
48.270	-12.545
48.330	-12.535
48.520	-12.415
48.640	-12.395
48.800	-12.245
48.860	-12.125
48.980	-11.875
49.190	-11.795
49.490	-11.575
49.680	-11.265
49.810	-11.205
49.850	-11.205
50.010	-11.085
50.080	-11.005
50.160	-10.995
50.200	-11.005
50.260	-10.985
POLYLINE BLACK
47.640	-13.315
48.000	-13.135
48.260	-12.945
48.380	-12.895
48.400	-12.905
48.590	-12.835
48.690	-12.785
48.810	-12.755
48.910	-12.715
POLYLINE BLACK
46.530	-9.235
46.450	-9.125
POLYLINE BLACK
47.630	-12.615
47.790	-12.655
48.010	-12.595
48.050	-12.605
48.190	-12.565
48.290	-12.555
48.350	-12.525
48.600	-12.525
48.680	-12.485
48.810	-12.505
48.910	-12.495
POLYLINE BLACK
45.750	-10.105
45.630	-10.555
POLYLINE BLACK
45.660	-10.135
45.660	-10.075
45.630	-10.135
45.900	-10.045
POLYLINE BLACK
46.155	-12.010
46.065	-11.890
46.005	-11.500
POLYLINE BLACK
47.040	-12.475
46.875	-12.325
46.665	-12.010
46.530	-11.875
46.365	-11.560
POLYLINE BLACK
46.065	-12.580
46.065	-12.520
46.095	-12.475
46.155	-11.830
POLYLINE BLACK
45.540	-12.655
45.735	-12.670
45.885	-12.625
45.915	-12.640
45.975	-12.610
46.065	-12.595
POLYLINE BLACK
47.685	-12.595
47.595	-12.610
47.565	-12.595
47.535	-12.610
47.505	-12.595
47.475	-12.610
47.445	-12.595
47.400	-12.610
47.160	-12.580
47.025	-12.475
POLYLINE BLACK
45.450	-14.665
45.675	-14.380
45.705	-14.395
45.765	-14.320
46.035	-14.200
46.065	-14.200
46.455	-13.825
46.890	-13.555
47.115	-13.450
47.145	-13.420
47.205	-13.420
47.385	-13.360
47.445	-13.360
47.775	-13.210
POLYLINE BLACK
44.790	-15.235
44.955	-15.160
45.030	-15.040
45.420	-14.740
POLYLINE BLACK
45.465	-12.775
45.495	-12.790
POLYLINE BLACK
44.910	-12.460
45.495	-12.700
45.630	-12.715
POLYLINE BLACK
44.970	-12.430
45.045	-12.475
45.135	-12.460
45.345	-12.625
POLYLINE BLACK
45.285	-10.180
45.270	-10.150
45.225	-10.255
45.210	-10.420
45.270	-10.165
45.315	-10.360
45.405	-10.420
45.495	-10.000
POLYLINE BLACK
45.285	-9.700
45.195	-9.895
POLYLINE BLACK
45.120	-10.135
45.000	-10.465
POLYLINE BLACK
44.760	-10.180
44.715	-10.285
44.700	-10.420
44.745	-10.180
44.745	-10.255
44.805	-10.255
44.940	-10.165
44.925	-10.270
44.895	-10.435
POLYLINE BLACK
44.370	-10.165
44.340	-10.165
44.265	-10.270
44.235	-10.405
44.370	-10.405
44.460	-10.345
44.490	-10.420
44.565	-10.420
44.625	-10.225
44.565	-10.240
44.490	-10.360
POLYLINE BLACK
44.220	-10.120
44.220	-10.435
POLYLINE BLACK
43.665	-10.150
43.695	-10.105
POLYLINE BLACK
43.530	-9.760
43.650	-9.625
43.620	-9.925
43.710	-9.880
POLYLINE BLACK
43.965	-10.315
43.965	-10.285
43.875	-10.165
POLYLINE BLACK
44.250	-10.960
44.145	-10.840
44.115	-10.615
44.010	-10.420
43.965	-10.165
POLYLINE BLACK
45.135	-12.445
44.925	-12.295
44.790	-12.025
44.730	-11.785
44.685	-11.515
44.280	-11.020
POLYLINE BLACK
44.085	-12.280
44.100	-12.190
44.025	-11.860
43.845	-11.605
43.860	-11.320
43.710	-11.035
43.635	-10.345
POLYLINE BLACK
44.025	-12.535
44.100	-12.460
44.115	-12.325
44.100	-12.235
POLYLINE BLACK
43.575	-12.160
43.575	-12.130
43.800	-12.505
43.875	-12.550
44.085	-12.580
44.145	-12.565
44.175	-12.580
44.205	-12.565
44.250	-12.595
44.550	-12.565
44.670	-12.475
44.730	-12.490
44.865	-12.460
45.120	-12.445
POLYLINE BLACK
42.960	-11.815
43.140	-11.920
43.290	-11.920
43.590	-12.130
POLYLINE BLACK
42.825	-11.470
42.945	-11.740
42.945	-11.815
43.020	-11.935
43.095	-12.085
POLYLINE BLACK
44.220	-15.880
44.235	-15.820
44.415	-15.520
44.430	-15.415
44.520	-15.295
44.775	-15.220
44.805	-15.235
44.835	-15.220
44.865	-15.235
POLYLINE BLACK
43.545	-15.880
43.785	-16.045
43.905	-15.985
44.190	-15.925
POLYLINE BLACK
43.365	-15.340
43.620	-15.475
43.635	-15.520
43.590	-15.700
43.590	-15.820
POLYLINE BLACK
42.765	-14.740
42.735	-14.710
42.960	-14.620
42.990	-14.635
43.050	-14.470
POLYLINE BLACK
43.020	-14.440
42.660	-14.830
42.615	-14.875
42.600	-14.950
42.630	-15.010
42.645	-15.085
POLYLINE BLACK
42.690	-15.115
42.630	-15.100
42.900	-15.160
42.990	-15.145
43.140	-15.220
43.260	-15.235
43.410	-15.370
43.410	-15.490
43.380	-15.520
43.425	-15.595
43.395	-15.790
43.365	-15.880
POLYLINE BLACK
42.645	-12.640
42.630	-12.685
42.780	-13.000
42.930	-13.330
43.020	-13.885
43.050	-14.365
43.020	-14.455
POLYLINE BLACK
42.585	-12.430
42.615	-12.430
42.660	-12.640
POLYLINE BLACK
41.400	-11.215
41.520	-11.230
41.655	-11.320
41.685	-11.305
41.895	-11.320
41.925	-11.305
41.940	-11.335
41.970	-11.305
42.060	-11.320
42.090	-11.305
42.240	-11.320
42.270	-11.305
42.600	-11.410
42.750	-11.485
42.840	-11.500
POLYLINE BLACK
41.190	-11.275
41.190	-11.230
41.280	-11.230
41.400	-11.185
41.430	-11.230
POLYLINE BLACK
41.190	-12.205
41.940	-12.085
42.465	-12.370
42.495	-12.370
42.585	-12.430
POLYLINE BLACK
39.690	-12.340
38.820	-11.590
38.715	-11.560
38.685	-11.575
38.415	-11.440
38.010	-11.110
37.875	-11.065
38.130	-11.035
POLYLINE BLACK
39.390	-10.795
39.420	-10.885
39.255	-11.005
38.985	-10.990
38.835	-11.035
38.790	-11.080
38.700	-11.050
38.640	-11.080
38.610	-11.050
38.490	-11.095
38.265	-11.050
38.220	-11.095
POLYLINE BLACK
40.560	-12.400
40.530	-12.385
40.290	-12.415
40.260	-12.445
40.155	-12.430
39.915	-12.460
39.705	-12.430
39.480	-12.265
POLYLINE BLACK
40.575	-12.430
40.605	-12.400
40.905	-12.340
41.025	-12.355
41.100	-12.295
41.175	-12.175
41.205	-12.190
41.235	-12.175
POLYLINE BLACK
39.750	-10.165
39.855	-10.375
39.930	-10.780
39.945	-10.870
40.200	-10.990
40.200	-11.020
40.320	-11.080
41.220	-11.230
POLYLINE BLACK
37.185	-6.355
37.215	-6.325
POLYLINE BLACK
37.035	-6.235
37.005	-6.220
37.005	-6.250
37.140	-6.445
37.275	-6.340
POLYLINE BLACK
36.765	-6.430
36.840	-6.295
POLYLINE BLACK
36.675	-6.700
36.690	-6.550
36.735	-6.355
36.795	-6.310
36.900	-6.505
POLYLINE BLACK
38.400	-6.670
38.490	-6.715
38.520	-6.700
POLYLINE BLACK
38.250	-6.460
38.250	-6.430
38.265	-6.490
38.250	-6.580
38.280	-6.685
POLYLINE BLACK
38.220	-6.400
38.235	-6.460
POLYLINE BLACK
37.905	-6.535
38.025	-6.610
38.085	-6.610
38.235	-6.445
38.235	-6.610
38.280	-6.745
POLYLINE BLACK
37.740	-6.280
37.755	-6.220
37.725	-6.445
37.770	-6.535
POLYLINE BLACK
37.530	-6.310
37.650	-6.175
POLYLINE BLACK
37.410	-6.340
37.665	-6.235
37.680	-6.205
37.650	-6.310
37.635	-6.565
POLYLINE BLACK
38.820	-6.685
39.225	-6.490
39.495	-6.280
39.690	-6.025
39.735	-6.025
39.705	-6.250
39.720	-6.640
POLYLINE BLACK
38.370	-6.700
38.400	-6.685
38.820	-6.715
38.925	-6.700
POLYLINE BLACK
38.190	-6.745
38.460	-6.730
38.745	-6.790
POLYLINE BLACK
39.700	-7.870
39.740	-7.460
39.730	-7.360
39.740	-7.390
39.730	-7.610
POLYLINE BLACK
39.460	-8.120
39.470	-8.080
39.640	-7.960
POLYLINE BLACK
39.310	-8.410
39.280	-8.310
39.460	-8.090
POLYLINE BLACK
39.230	-8.450
39.230	-8.410
39.210	-8.410
39.190	-8.390
39.200	-8.360
POLYLINE BLACK
39.300	-8.460
39.300	-8.500
39.250	-8.430
39.210	-8.310
39.230	-8.300
POLYLINE BLACK
39.400	-8.650
39.400	-8.630
39.350	-8.600
39.280	-8.510
39.240	-8.400
POLYLINE BLACK
39.320	-8.350
39.320	-8.330
39.360	-8.630
39.370	-8.690
39.380	-8.670
39.340	-8.350
39.330	-8.370
39.360	-8.570
39.410	-8.730
39.510	-8.890
POLYLINE BLACK
38.150	-8.830
38.180	-8.810
38.240	-8.820
38.280	-8.850
38.300	-8.840
38.360	-8.900
38.450	-8.940
38.600	-9.140
38.650	-9.210
38.710	-9.220
38.880	-9.430
POLYLINE BLACK
39.760	-9.760
39.750	-9.710
39.720	-9.740
39.710	-9.800
39.780	-9.950
39.770	-10.270
POLYLINE BLACK
39.020	-9.990
39.190	-10.240
39.280	-10.550
39.350	-10.700
39.390	-10.850
POLYLINE BLACK
38.990	-9.910
39.000	-9.970
POLYLINE BLACK
39.760	-9.630
39.710	-9.800
39.710	-9.850
POLYLINE BLACK
38.900	-9.390
38.900	-9.390
38.960	-9.510
38.980	-9.700
38.990	-9.740
38.970	-9.910
POLYLINE BLACK
39.360	-8.530
39.300	-8.340
39.380	-8.140
39.630	-7.860
39.700	-7.740
39.750	-7.500
39.770	-6.890
39.740	-6.660
39.720	-6.640
POLYLINE BLACK
38.540	-6.800
38.770	-6.720
39.490	-6.560
POLYLINE BLACK
37.020	-6.330
37.450	-6.350
37.500	-6.390
37.950	-6.550
38.040	-6.600
38.210	-6.780
38.380	-6.880
38.560	-6.940
38.680	-6.960
POLYLINE BLACK
36.990	-6.310
36.670	-6.520
36.630	-6.710
36.590	-6.840
36.570	-6.940
36.620	-7.460
36.660	-8.190
36.640	-8.550
POLYLINE BLACK
38.190	-8.820
38.190	-8.800
37.920	-8.770
37.880	-8.750
37.780	-8.740
37.750	-8.770
37.720	-8.920
37.640	-9.150
POLYLINE BLACK
38.100	-8.850
38.110	-8.830
38.110	-8.830
38.090	-8.850
38.060	-9.050
POLYLINE BLACK
39.130	-8.390
39.140	-8.370
39.430	-8.730
39.560	-9.000
39.750	-9.570
39.770	-9.680
