TRIP
DATE 2006-01-31 
DECLINATION     0.00
DATA
1.7	7.1	234.27	12.18	4.176	>
7.1		39.77	1.79	1.375	>
7.1		3.12	4.15	0.552	>
7.1		75.19	-1.38	2.070	>
7.1		56.07	-10.10	3.414	>
7.1		284.55	21.28	0.761	>
7.1		291.16	-7.19	1.111	>
7.1		297.02	-25.28	1.733	>
7.1		311.93	-64.64	1.017	>
7.1	7.2	302.25	-45.74	1.979	>
7.2	7.3	63.43	-56.73	1.109	>
7.3		359.75	-2.97	0.464	>
7.3		286.42	-1.95	0.793	>
7.3		176.41	20.46	0.852	>
7.3		209.27	14.64	0.981	>
7.3	7.4	197.70	11.66	2.207	>

PLAN
STATIONS
-5.212	7.150	7.1
-6.380	7.887	7.2
-5.836	8.159	7.3
-6.493	6.100	7.4
SHOTS
-5.836	8.159	-6.493	6.100
-6.380	7.887	-5.836	8.159
-5.836	8.159	-5.838	8.622
-5.836	8.159	-6.596	8.383
-5.836	8.159	-5.786	7.362
-5.836	8.159	-6.300	7.331
-5.212	7.150	-6.380	7.887
-1.898	9.534	-5.212	7.150
-5.212	7.150	-4.333	8.206
-5.212	7.150	-5.182	7.700
-5.212	7.150	-3.211	7.679
-5.212	7.150	-2.423	9.026
-5.212	7.150	-5.898	7.328
-5.212	7.150	-6.240	7.548
-5.212	7.150	-6.608	7.862
-5.212	7.150	-5.536	7.441
POLYLINE GREEN
-6.193	5.296
-6.178	5.491
POLYLINE GREEN
-6.268	5.896
-6.268	6.001
-6.208	6.061
-6.193	5.896
-6.268	5.701
-6.163	5.746
-6.133	5.791
POLYLINE GREEN
-6.898	6.316
-6.898	6.226
POLYLINE GREEN
-6.748	5.971
-6.823	5.836
-6.853	5.836
-6.838	5.971
-6.928	5.956
POLYLINE GREEN
-6.313	7.081
-6.358	6.826
-6.583	6.196
POLYLINE GREEN
-6.028	6.976
-6.058	6.811
-6.118	6.676
-6.298	6.091
POLYLINE GREEN
-6.238	7.396
-6.253	7.261
-6.298	7.111
POLYLINE GREEN
-5.773	7.381
-5.773	7.411
-5.758	7.381
-5.893	7.216
-6.073	6.901
POLYLINE GREEN
-6.328	7.861
-6.268	7.756
-6.238	7.381
-6.268	7.321
POLYLINE GREEN
-5.728	8.071
-5.728	8.101
-5.758	7.831
-5.713	7.711
-5.788	7.381
POLYLINE GREEN
-6.613	8.401
-6.628	8.431
-6.643	8.371
-6.538	8.236
-6.478	8.236
-6.418	8.161
-6.388	8.146
-6.463	8.011
POLYLINE GREEN
-6.523	8.431
-6.493	8.446
-6.433	8.431
-6.193	8.551
-5.863	8.596
-5.728	8.431
-5.773	8.266
-5.713	8.146
-5.863	8.071
-5.953	8.056
-6.013	8.011
-6.073	8.011
-6.133	7.921
POLYLINE BLUE
-2.728	8.446
-2.698	8.476
POLYLINE BLUE
-2.788	8.551
-2.638	8.671
POLYLINE BLUE
-2.803	8.401
-2.668	8.476
POLYLINE BLUE
-2.863	8.431
-2.833	8.491
POLYLINE BLUE
-2.938	8.581
-2.893	8.641
POLYLINE BLUE
-3.088	8.626
-2.893	8.506
-2.713	8.341
POLYLINE BLUE
-4.048	7.171
-4.168	7.246
POLYLINE BLUE
-3.928	7.246
-4.018	7.306
POLYLINE BLUE
-3.823	7.351
-3.928	7.411
POLYLINE BLUE
-3.823	7.456
-3.793	7.456
-3.883	7.546
POLYLINE BLUE
-3.688	7.486
-3.733	7.486
-3.973	7.336
POLYLINE BLUE
-3.538	7.696
-3.628	7.681
POLYLINE BLUE
-3.553	7.801
-3.748	7.786
POLYLINE BLUE
-3.613	7.951
-3.763	7.936
POLYLINE BLUE
-3.643	8.116
-3.808	8.041
POLYLINE BLUE
-3.868	8.236
-3.748	8.161
-3.598	7.966
-3.523	7.801
-3.568	7.621
POLYLINE BLUE
-6.013	7.756
-5.983	7.726
POLYLINE BLUE
-5.998	7.666
-5.968	7.681
POLYLINE BLUE
-6.103	7.591
-6.043	7.546
POLYLINE BLUE
-5.893	7.771
-5.953	7.756
-6.043	7.441
POLYLINE BLUE
-5.653	7.711
-5.593	7.681
POLYLINE BLUE
-5.743	7.531
-5.623	7.546
POLYLINE BLUE
-5.788	7.426
-5.623	7.396
POLYLINE BLUE
-5.518	7.681
-5.608	7.486
-5.608	7.306
POLYLINE BLUE
-6.403	7.956
POLYLINE BLUE
-6.453	7.886
-6.453	7.926
POLYLINE BLUE
-6.563	7.956
POLYLINE BLUE
-6.543	7.896
POLYLINE BLUE
-6.513	7.756
-6.503	7.776
POLYLINE BLUE
-6.483	7.726
-6.473	7.766
POLYLINE BLUE
-6.393	7.656
-6.393	7.696
POLYLINE BLUE
-6.253	7.836
-6.233	7.826
POLYLINE BLUE
-6.313	7.786
-6.293	7.776
POLYLINE BLUE
-6.323	7.706
-6.263	7.676
POLYLINE BLUE
-6.443	7.716
-6.313	7.616
-6.273	7.626
-6.253	7.656
-6.263	7.936
-6.413	7.966
-6.543	8.016
-6.613	7.966
-6.613	7.826
POLYLINE BLUE
-6.583	7.846
-6.563	7.776
-6.563	7.756
-6.503	7.736
POLYLINE BLUE
-5.223	7.156
-5.343	7.176
-5.383	7.156
-5.583	7.236
-5.753	7.226
-5.873	7.316
-5.883	7.346
-5.963	7.386
-5.983	7.376
-6.043	7.406
-6.103	7.406
-6.293	7.576
-6.313	7.566
-6.423	7.716
POLYLINE BLUE
-5.223	7.696
-5.343	7.666
-5.403	7.676
-5.443	7.696
-5.593	7.746
-5.923	7.856
-5.983	7.906
-6.063	7.926
-6.173	7.906
-6.193	7.916
-6.213	7.906
-6.273	7.946
-6.393	7.936
POLYLINE BLUE
-4.823	7.956
-4.873	7.956
-4.993	7.896
-5.153	7.706
-5.343	7.586
POLYLINE BLUE
-3.193	7.826
-3.013	7.976
-2.633	8.356
POLYLINE BLUE
-4.163	8.236
-3.943	8.306
-3.723	8.466
-3.553	8.496
-3.283	8.606
-3.043	8.766
-2.833	8.866
-2.413	9.006
POLYLINE BLUE
-5.223	7.716
-4.923	7.886
-4.553	8.156
-4.333	8.206
-4.233	8.216
-4.223	8.236
-4.223	8.216
-4.143	8.256
POLYLINE BLUE
-3.083	7.226
-3.103	7.246
-3.333	7.276
-3.593	7.236
-3.683	7.256
-4.033	7.176
-4.083	7.176
-4.143	7.156
-4.523	7.186
-4.683	7.176
-4.803	7.146
-5.083	7.136
-5.223	7.176
POLYLINE BLUE
-3.163	7.896
-3.273	7.656
-3.283	7.556
-3.273	7.516
-3.283	7.616
-3.273	7.636
-3.143	7.596
-3.113	7.536
-2.993	7.436

ELEVATION
STATIONS
20.732	-5.878	7.1
22.113	-7.295	7.2
22.721	-8.222	7.3
24.882	-7.776	7.4
SHOTS
22.721	-8.222	24.882	-7.776
22.113	-7.295	22.721	-8.222
22.721	-8.222	22.195	-8.246
22.721	-8.222	21.456	-8.249
22.721	-8.222	23.688	-7.924
22.721	-8.222	23.627	-7.974
20.732	-5.878	22.113	-7.295
16.649	-6.759	20.732	-5.878
20.732	-5.878	19.400	-5.835
20.732	-5.878	20.644	-5.838
20.732	-5.878	18.801	-5.928
20.732	-5.878	17.373	-6.477
20.732	-5.878	21.406	-5.602
20.732	-5.878	21.812	-6.017
20.732	-5.878	22.292	-6.618
20.732	-5.878	21.161	-6.797
POLYLINE BLUE
25.480	-7.975
25.580	-7.815
POLYLINE BLUE
25.420	-7.435
25.580	-7.335
25.580	-7.395
25.520	-7.575
POLYLINE BLUE
22.320	-8.255
22.340	-8.375
22.420	-8.395
22.800	-8.255
22.860	-8.295
22.900	-8.275
22.940	-8.295
22.980	-8.275
23.020	-8.295
23.180	-8.215
23.260	-8.235
23.460	-8.175
23.580	-8.155
23.700	-8.095
23.940	-8.075
24.100	-7.975
24.380	-7.975
24.500	-7.915
24.540	-7.935
24.660	-7.915
25.060	-7.975
POLYLINE BLUE
21.800	-7.535
22.040	-7.795
22.220	-8.155
22.200	-8.195
POLYLINE BLUE
22.160	-7.395
22.160	-7.355
22.320	-7.455
22.560	-7.775
22.720	-7.895
22.760	-7.915
22.840	-7.895
22.960	-7.935
23.000	-7.915
23.080	-7.955
23.240	-7.935
23.280	-7.955
23.480	-7.895
23.600	-7.915
23.800	-7.815
24.180	-7.735
24.560	-7.795
24.980	-7.715
POLYLINE BLUE
20.940	-6.595
21.020	-6.575
21.320	-6.855
21.320	-6.895
21.580	-7.115
21.580	-7.215
21.680	-7.415
POLYLINE BLUE
20.940	-6.735
POLYLINE BLUE
21.080	-5.575
21.240	-5.635
21.680	-5.955
21.940	-6.115
22.040	-6.355
22.200	-6.655
22.140	-6.935
22.100	-7.155
22.120	-7.355
POLYLINE BLUE
16.880	-6.835
17.820	-6.675
17.980	-6.695
18.140	-6.635
18.380	-6.655
19.040	-6.595
19.080	-6.615
19.480	-6.575
19.520	-6.595
19.960	-6.475
20.040	-6.435
20.320	-6.415
20.640	-6.475
20.640	-6.515
20.720	-6.555
20.740	-6.515
20.900	-6.595
20.940	-6.595
POLYLINE BLUE
21.040	-5.615
21.160	-5.675
21.420	-6.035
21.440	-6.235
POLYLINE BLUE
17.280	-6.375
17.600	-6.355
18.560	-5.995
18.640	-5.995
18.680	-5.955
18.880	-5.915
19.620	-5.715
19.720	-5.695
19.940	-5.575
20.020	-5.555
20.220	-5.595
20.320	-5.575
20.360	-5.595
20.440	-5.575
20.480	-5.595
20.560	-5.575
20.680	-5.595
20.920	-5.555
20.960	-5.575
21.120	-5.535
