TRIP
DATE 2006-01-31 
DECLINATION     0.00
DATA
5.1	1.16	253.44	-46.41	3.969	>
5.1		247.52	-62.70	0.781	>
5.1		204.36	8.94	0.849	>
5.1		347.01	-2.97	0.347	>
5.1		261.03	9.05	0.909	>
5.1		247.91	-8.65	0.904	>
5.1	5.2	255.80	12.17	3.491	>
5.2		88.97	-20.17	1.366	>
5.2		84.41	-18.68	2.350	>
5.2		218.66	75.21	1.730	>
5.2		150.40	72.51	2.782	>
5.2		146.77	68.64	3.608	>
5.2		128.08	62.62	3.127	>
5.2		109.33	52.34	1.953	>
5.2		98.79	24.74	1.866	>
5.2		96.23	15.51	2.000	>
5.1	5.3	172.17	64.80	2.122	<
5.3		98.10	-59.27	0.625	<
5.3		351.45	-72.85	1.050	<
5.3		118.56	-15.88	0.629	<
5.3		185.25	82.18	1.447	<
5.3		149.18	54.98	1.092	<
5.3		131.18	50.92	1.060	<
5.3		126.69	34.52	1.426	<
5.3	5.4	129.88	22.95	1.341	<
5.4		190.71	-39.99	1.397	<
5.4		202.72	-70.16	2.159	<
5.4		325.18	-52.91	0.889	<
5.4		263.33	-3.63	0.284	<
5.4	5.5	190.86	0.54	1.593	<
5.5		303.39	20.47	1.001	<
5.5		340.63	17.25	1.436	<
5.5		350.34	14.92	1.208	<
5.5		26.63	-20.59	0.839	<
5.5		359.10	-56.70	0.924	<
5.5		140.11	-31.65	0.896	<
5.5		115.03	-30.97	1.166	<
5.5		82.86	-15.56	1.428	<
5.5		93.20	-42.91	1.369	<
5.5	5.6	100.54	-31.18	2.409	<
5.6		327.57	-11.84	0.760	<
5.6		2.61	-6.64	1.989	<
5.6		18.83	-11.83	2.273	<
5.6		39.19	-20.03	1.159	<
5.6		66.54	-29.95	1.096	<
5.6		255.54	27.33	0.965	<
5.6		316.72	-4.92	0.735	<
5.6		264.74	30.56	2.114	<
5.6		255.75	-17.10	0.340	<
5.6		55.15	32.86	0.750	<
5.6		299.01	58.80	1.397	<
5.6	5.7	7.78	-73.75	2.928	<
5.7		29.56	-73.52	1.330	<
5.7		277.28	-17.87	0.763	<
5.7		255.98	42.59	1.144	<
5.7		77.91	2.80	0.736	<
5.7		105.05	60.77	1.207	<
5.7		42.35	70.12	2.654	<
5.7		356.18	-23.14	0.440	<
5.7	5.8	125.59	85.95	4.964	<
5.8		99.69	-41.97	0.624	<
5.8		220.91	-61.08	1.190	<
5.8		254.54	-44.98	0.955	<
5.8	5.9	241.00	45.98	1.769	>
5.9		76.60	-24.35	0.810	>
5.9		107.25	53.86	1.555	>
5.9		165.17	69.39	1.798	>
5.9		264.71	52.79	1.632	>
5.9		238.39	67.38	3.026	>
5.9	5.10	227.53	64.49	3.277	>
5.10		106.80	11.37	1.299	>
5.10		72.22	46.26	3.012	>
5.10		54.41	-9.94	1.652	>
5.10		59.83	40.63	2.595	>
5.10		80.73	69.17	3.456	>
5.10	5.11	125.88	28.39	1.546	<
5.11	5.12	266.09	36.20	3.110	>
5.12		77.60	-78.05	0.944	>
5.12		103.47	71.74	1.014	>
5.12		148.17	10.53	1.007	>
5.12		38.10	0.96	0.660	>
5.12		92.07	-22.26	2.635	>
5.12		61.90	-32.58	1.900	>
5.12		100.06	-52.69	1.888	>
5.12		72.56	-45.68	4.241	>

PLAN
STATIONS
5.477	21.003	5.1
2.169	20.166	5.2
5.600	20.108	5.3
6.548	19.316	5.4
6.248	17.752	5.5
8.274	17.375	5.6
8.385	18.187	5.7
8.670	17.983	5.8
7.595	17.387	5.9
6.554	16.434	5.10
7.656	15.637	5.11
5.152	15.466	5.12
SHOTS
7.656	15.637	5.152	15.466
5.152	15.466	7.979	16.354
5.152	15.466	6.279	15.266
5.152	15.466	6.564	16.220
5.152	15.466	7.589	15.378
5.152	15.466	5.559	15.985
5.152	15.466	5.674	14.625
5.152	15.466	5.461	15.392
5.152	15.466	5.343	15.508
6.554	16.434	7.656	15.637
7.595	17.387	6.554	16.434
6.554	16.434	7.767	16.632
6.554	16.434	8.257	17.424
6.554	16.434	7.877	17.381
6.554	16.434	8.537	17.070
6.554	16.434	7.773	16.066
8.670	17.983	7.595	17.387
7.595	17.387	6.604	16.777
7.595	17.387	6.612	17.296
7.595	17.387	7.757	16.775
7.595	17.387	8.471	17.115
7.595	17.387	8.313	17.558
8.385	18.187	8.670	17.983
8.670	17.983	8.019	17.803
8.670	17.983	8.293	17.548
8.670	17.983	9.127	17.905
8.274	17.375	8.385	18.187
8.385	18.187	8.358	18.591
8.385	18.187	8.993	18.854
8.385	18.187	8.954	18.034
8.385	18.187	9.104	18.341
8.385	18.187	7.568	17.983
8.385	18.187	7.665	18.279
8.385	18.187	8.571	18.515
6.248	17.752	8.274	17.375
8.274	17.375	7.641	17.726
8.274	17.375	8.791	17.735
8.274	17.375	7.959	17.295
8.274	17.375	6.461	17.208
8.274	17.375	7.772	17.908
8.274	17.375	7.444	17.161
8.274	17.375	9.145	17.753
8.274	17.375	8.962	18.219
8.274	17.375	8.992	19.481
8.274	17.375	8.364	19.349
8.274	17.375	7.875	18.003
6.548	19.316	6.248	17.752
6.248	17.752	7.249	17.696
6.248	17.752	7.613	17.923
6.248	17.752	7.154	17.329
6.248	17.752	6.737	17.167
6.248	17.752	6.240	18.259
6.248	17.752	6.600	18.454
6.248	17.752	6.052	18.903
6.248	17.752	5.793	19.046
6.248	17.752	5.465	18.268
5.600	20.108	6.548	19.316
6.548	19.316	6.266	19.283
6.548	19.316	6.242	19.756
6.548	19.316	6.265	18.640
6.548	19.316	6.349	18.264
5.477	21.003	5.600	20.108
5.600	20.108	6.542	19.406
5.600	20.108	6.103	19.668
5.600	20.108	5.921	19.570
5.600	20.108	5.582	19.912
5.600	20.108	6.131	19.819
5.600	20.108	5.554	20.414
5.600	20.108	5.916	20.063
5.477	21.003	2.169	20.166
2.169	20.166	4.085	19.957
2.169	20.166	3.844	19.907
2.169	20.166	3.295	19.771
2.169	20.166	3.301	19.279
2.169	20.166	2.889	19.067
2.169	20.166	2.582	19.439
2.169	20.166	1.893	19.821
2.169	20.166	4.385	20.383
2.169	20.166	3.451	20.189
2.854	20.223	5.477	21.003
5.477	21.003	4.649	20.667
5.477	21.003	4.590	20.863
5.477	21.003	5.399	21.341
5.477	21.003	5.131	20.239
5.477	21.003	5.146	20.866
POLYLINE GREEN
10.330	17.303
10.350	17.293
POLYLINE GREEN
10.280	17.213
10.330	17.163
POLYLINE GREEN
10.160	17.013
10.200	17.003
POLYLINE GREEN
10.030	16.873
10.090	16.833
POLYLINE GREEN
9.940	16.763
9.960	16.763
10.000	16.733
POLYLINE GREEN
9.870	16.603
9.850	16.623
9.910	16.573
POLYLINE GREEN
9.720	16.493
9.740	16.493
9.810	16.443
POLYLINE GREEN
9.590	16.373
9.630	16.313
POLYLINE GREEN
9.410	16.313
9.470	16.213
POLYLINE GREEN
9.230	16.273
9.220	16.313
9.250	16.243
POLYLINE GREEN
9.050	16.203
9.040	16.223
9.050	16.243
9.060	16.193
POLYLINE GREEN
8.860	16.163
9.030	16.173
9.230	16.233
9.470	16.303
9.510	16.293
9.600	16.323
9.700	16.333
9.820	16.413
9.800	16.443
9.920	16.603
10.020	16.723
10.360	17.173
POLYLINE GRAY
11.420	18.263
11.070	18.013
10.860	17.773
10.720	17.593
10.590	17.423
10.380	16.953
10.310	16.713
10.320	16.603
10.310	16.493
10.240	16.353
10.010	16.223
9.630	16.153
9.460	16.173
9.130	16.103
8.310	16.063
8.010	16.113
7.540	16.073
7.510	16.083
7.470	16.073
POLYLINE GRAY
7.660	16.303
7.830	16.383
8.030	16.373
8.090	16.383
8.130	16.373
8.220	16.383
8.280	16.373
8.570	16.423
8.630	16.413
8.690	16.433
8.730	16.423
8.790	16.443
8.890	16.443
9.180	16.543
9.290	16.563
9.310	16.543
9.530	16.563
9.780	16.693
9.970	16.943
10.070	17.123
10.160	17.313
10.380	17.733
10.610	18.063
11.120	18.583
11.220	18.653
POLYLINE GREEN
7.640	16.263
7.640	16.283
8.010	16.393
8.250	16.383
POLYLINE GREEN
10.330	16.643
10.350	16.623
POLYLINE GREEN
10.210	16.463
10.240	16.463
POLYLINE GREEN
10.050	16.333
10.090	16.333
POLYLINE GREEN
9.960	16.283
10.000	16.243
POLYLINE GREEN
9.490	15.993
9.700	16.043
9.950	16.203
10.140	16.293
10.270	16.433
10.430	16.743
10.470	16.783
POLYLINE GREEN
8.080	16.273
8.070	16.293
POLYLINE GREEN
8.130	16.353
POLYLINE GREEN
8.180	16.353
8.140	16.393
POLYLINE GREEN
8.260	16.533
8.020	16.263
7.950	16.223
POLYLINE GREEN
8.140	16.043
8.130	16.023
POLYLINE GREEN
8.210	15.973
8.200	15.923
POLYLINE GREEN
8.290	16.023
8.310	15.873
POLYLINE GREEN
8.560	15.813
8.150	15.933
8.070	15.963
8.000	16.053
POLYLINE GREEN
8.670	15.993
8.670	15.933
POLYLINE GREEN
8.570	16.053
8.570	16.033
POLYLINE GREEN
8.460	16.083
8.460	16.043
POLYLINE GREEN
8.390	16.203
8.370	16.193
POLYLINE GREEN
8.420	16.333
8.340	16.363
POLYLINE GREEN
8.510	16.353
8.470	16.443
8.400	16.533
POLYLINE GREEN
8.600	16.493
8.560	16.573
POLYLINE GREEN
8.960	15.763
8.650	15.903
8.490	15.943
8.390	15.993
8.310	16.143
8.260	16.253
8.260	16.353
8.340	16.463
8.550	16.573
8.720	16.713
8.800	16.793
POLYLINE GREEN
8.860	16.703
8.880	16.703
8.920	16.653
8.810	16.623
8.860	16.493
8.760	16.443
8.840	16.393
8.760	16.283
8.760	16.263
8.850	16.193
8.840	16.153
8.920	16.123
8.920	16.083
8.960	16.053
8.960	16.013
8.980	16.003
9.020	16.013
9.020	15.953
9.040	15.943
9.080	15.963
9.100	15.873
9.180	15.923
9.220	15.913
9.260	15.923
POLYLINE GREEN
8.960	16.913
9.010	16.803
8.950	16.803
POLYLINE GREEN
8.750	16.253
8.840	16.123
8.980	15.943
9.130	15.813
POLYLINE GREEN
9.070	17.013
9.080	16.993
9.040	16.913
8.890	16.783
8.800	16.563
8.730	16.353
8.770	16.183
POLYLINE GREEN
10.810	18.513
10.880	18.543
10.990	18.523
11.150	18.423
11.270	18.413
11.350	18.393
11.350	18.353
11.280	18.133
11.250	18.073
11.270	17.933
11.040	17.803
POLYLINE GREEN
10.100	18.073
10.080	18.153
10.150	18.203
10.190	18.203
10.270	18.273
10.280	18.353
10.370	18.603
10.410	18.653
10.550	18.583
10.800	18.553
POLYLINE GREEN
10.160	18.173
10.160	18.193
10.240	18.263
POLYLINE GREEN
10.470	17.383
10.440	17.473
10.620	17.623
10.810	17.693
11.000	17.763
11.100	17.833
11.100	17.873
POLYLINE GREEN
9.310	17.603
9.290	17.713
9.520	17.873
9.610	17.903
9.790	18.013
10.120	18.153
10.140	18.173
POLYLINE GREEN
10.520	16.803
10.440	16.973
10.400	17.333
10.410	17.393
10.470	17.483
POLYLINE GREEN
8.060	16.713
8.240	16.723
8.430	16.683
8.510	16.693
8.530	16.683
8.610	16.703
8.630	16.693
8.860	16.873
9.000	16.953
9.080	17.013
9.180	17.203
9.180	17.183
9.230	17.323
9.290	17.453
9.320	17.603
POLYLINE GREEN
8.470	15.463
8.630	15.493
8.810	15.583
8.870	15.653
9.100	15.793
9.300	15.943
9.570	15.973
9.920	16.083
10.000	16.083
10.190	16.153
10.200	16.173
10.220	16.163
10.280	16.213
10.340	16.223
10.410	16.303
10.430	16.403
10.450	16.733
10.470	16.793
POLYLINE GREEN
8.210	16.763
8.110	16.753
8.030	16.733
7.920	16.663
7.840	16.563
7.850	16.473
7.800	16.333
7.790	16.163
7.800	16.083
7.790	15.993
7.850	15.813
8.040	15.643
8.040	15.623
8.160	15.493
8.300	15.423
8.420	15.443
POLYLINE BLUE
12.120	19.263
12.210	19.243
POLYLINE BLUE
12.170	19.313
12.150	19.223
12.120	19.213
12.170	19.333
12.210	19.323
12.220	19.263
12.190	19.213
POLYLINE BLUE
12.030	19.333
12.050	19.353
12.090	19.353
12.140	19.303
12.090	19.253
12.010	19.223
POLYLINE BLUE
12.060	19.353
12.080	19.333
12.070	19.273
12.050	19.253
POLYLINE BLUE
11.940	19.343
11.950	19.283
11.940	19.263
11.940	19.353
11.990	19.273
12.030	19.353
POLYLINE BLUE
11.840	19.283
11.820	19.243
11.860	19.263
11.890	19.323
11.870	19.333
11.830	19.313
POLYLINE BLUE
11.740	19.373
11.670	19.313
11.750	19.293
11.800	19.243
11.720	19.193
POLYLINE BLUE
11.080	19.003
11.090	18.983
POLYLINE BLUE
11.130	19.183
11.180	19.143
POLYLINE BLUE
11.110	19.293
11.050	19.253
POLYLINE BLUE
10.980	19.293
POLYLINE BLUE
10.850	19.283
10.930	19.213
POLYLINE BLUE
10.800	19.173
10.860	19.163
POLYLINE BLUE
10.850	19.023
10.850	19.043
10.840	19.023
10.900	19.063
POLYLINE BLUE
11.000	18.973
11.160	18.993
11.230	19.063
11.220	19.143
11.150	19.243
11.150	19.263
11.100	19.313
11.020	19.333
11.000	19.323
10.880	19.333
10.840	19.273
10.810	19.063
10.970	18.953
POLYLINE BLUE
11.170	19.183
POLYLINE BLUE
11.060	19.223
11.070	19.183
POLYLINE BLUE
10.850	18.963
10.870	18.963
POLYLINE BLUE
11.110	18.763
POLYLINE BLUE
10.010	18.283
10.090	18.283
10.100	18.263
10.040	18.193
10.140	18.163
10.130	18.123
10.190	18.133
10.220	18.103
10.200	18.033
10.240	18.043
10.260	18.003
10.250	17.963
POLYLINE BLUE
9.960	18.273
10.000	18.273
10.100	18.133
10.260	17.993
POLYLINE BLUE
9.290	18.033
9.410	17.993
9.600	18.013
9.740	18.063
9.840	18.053
9.880	18.063
9.920	18.043
POLYLINE BLUE
10.140	18.713
10.180	18.653
10.240	18.693
10.220	18.703
10.220	18.733
10.210	18.713
10.240	18.673
10.290	18.743
POLYLINE BLUE
9.960	18.693
10.020	18.653
10.070	18.703
POLYLINE BLUE
9.890	18.663
9.890	18.683
9.910	18.673
10.090	18.733
10.200	18.733
POLYLINE BLUE
9.870	18.663
10.140	18.683
10.180	18.673
10.250	18.693
10.290	18.683
10.330	18.693
POLYLINE BLUE
10.320	18.693
10.310	18.733
10.330	18.723
10.500	18.773
10.570	18.883
10.600	18.983
10.720	19.203
10.790	19.423
10.780	19.583
10.810	19.743
10.930	20.113
10.950	20.133
POLYLINE BLUE
10.100	17.933
10.270	17.963
10.350	17.953
10.510	17.973
10.570	18.003
10.760	18.033
10.870	18.133
10.870	18.153
11.010	18.203
11.050	18.223
11.070	18.213
11.090	18.233
11.130	18.223
11.210	18.253
11.330	18.263
11.410	18.293
11.480	18.343
11.620	18.413
11.700	18.503
11.650	18.683
11.600	18.873
11.590	18.933
11.610	19.093
11.580	19.333
11.610	19.803
11.590	20.123
11.600	20.163
11.540	20.233
11.360	20.263
10.950	20.123
10.890	20.103
10.890	20.043
POLYLINE BLUE
9.720	18.083
9.720	18.103
9.800	18.103
10.040	17.983
10.090	17.953
10.120	17.943
POLYLINE BLUE
9.830	18.083
9.820	18.103
POLYLINE BLUE
9.140	18.613
POLYLINE BLUE
9.080	18.533
9.100	18.493
POLYLINE BLUE
9.070	18.383
9.090	18.363
POLYLINE BLUE
9.100	18.223
9.090	18.243
9.070	18.233
9.040	18.333
9.040	18.443
9.120	18.613
POLYLINE BLUE
9.640	18.373
9.680	18.393
POLYLINE BLUE
9.670	18.253
9.660	18.273
POLYLINE BLUE
9.780	18.113
9.720	18.153
9.610	18.333
9.600	18.403
9.620	18.553
POLYLINE BLUE
10.020	18.323
10.060	18.363
10.070	18.313
POLYLINE BLUE
9.890	18.273
9.870	18.313
9.930	18.383
9.950	18.303
POLYLINE BLUE
9.830	18.623
9.900	18.613
9.900	18.633
9.860	18.723
9.860	18.763
POLYLINE BLUE
9.800	18.483
9.860	18.503
9.860	18.523
9.810	18.573
POLYLINE BLUE
9.780	18.343
9.820	18.403
9.780	18.413
POLYLINE BLUE
10.020	18.323
10.000	18.313
9.800	18.323
9.770	18.383
9.800	18.443
9.800	18.543
9.870	18.683
POLYLINE BLUE
9.480	18.763
9.610	18.703
POLYLINE BLUE
9.450	18.623
9.510	18.593
POLYLINE BLUE
9.370	18.533
9.390	18.523
POLYLINE BLUE
9.350	18.403
9.350	18.423
9.390	18.413
POLYLINE BLUE
9.350	18.313
9.370	18.303
POLYLINE BLUE
9.550	18.133
9.400	18.203
9.330	18.353
9.330	18.373
9.310	18.423
9.370	18.553
9.510	18.753
POLYLINE BLUE
9.860	18.133
10.140	18.313
POLYLINE BLUE
9.190	19.083
9.140	19.033
9.150	18.973
9.260	18.893
9.320	18.903
9.530	18.833
9.570	18.823
9.610	18.833
9.990	18.753
10.090	18.753
10.160	18.723
10.220	18.733
10.260	18.713
POLYLINE BLUE
8.160	19.103
8.220	18.943
8.380	18.793
8.430	18.733
8.450	18.733
8.460	18.713
8.460	18.713
8.510	18.653
8.550	18.643
8.720	18.443
8.740	18.443
8.930	18.293
9.090	18.203
9.110	18.153
9.150	18.143
9.290	18.013
9.370	18.003
9.430	17.993
9.490	18.023
9.540	18.013
9.850	18.113
POLYLINE BLUE
9.140	19.223
9.170	19.183
POLYLINE BLUE
9.150	19.173
9.190	19.143
POLYLINE BLUE
9.100	19.133
9.140	19.123
POLYLINE BLUE
9.060	19.133
9.060	19.083
POLYLINE BLUE
9.000	19.103
9.010	19.063
POLYLINE BLUE
9.180	19.983
POLYLINE BLUE
9.130	19.823
9.150	19.823
POLYLINE BLUE
9.110	19.743
9.130	19.743
POLYLINE BLUE
9.060	19.633
9.110	19.593
POLYLINE BLUE
9.030	19.443
9.050	19.453
POLYLINE BLUE
9.070	19.303
9.090	19.313
POLYLINE BLUE
9.030	20.263
9.030	20.223
POLYLINE BLUE
8.950	20.223
8.950	20.203
POLYLINE BLUE
8.960	19.983
8.980	20.003
POLYLINE BLUE
8.970	19.913
8.990	19.913
POLYLINE BLUE
8.970	19.783
POLYLINE BLUE
8.930	19.683
8.950	19.683
POLYLINE BLUE
8.880	19.603
8.900	19.603
POLYLINE BLUE
8.780	19.543
POLYLINE BLUE
8.720	19.523
POLYLINE BLUE
8.650	19.443
8.670	19.433
POLYLINE BLUE
8.670	19.293
POLYLINE BLUE
8.680	19.193
8.660	19.193
POLYLINE BLUE
8.750	19.063
8.750	19.103
POLYLINE BLUE
8.800	19.543
8.780	19.553
8.700	19.523
8.630	19.443
8.650	19.313
8.640	19.273
8.650	19.233
8.630	19.193
8.690	19.103
8.770	19.063
8.870	19.063
8.930	18.983
9.030	18.993
9.110	19.033
9.130	19.023
9.170	19.043
9.180	19.083
POLYLINE BLUE
8.860	20.123
8.930	20.273
9.050	20.303
9.110	20.263
POLYLINE BLUE
8.890	19.433
8.820	19.593
8.800	19.593
POLYLINE BLUE
8.840	19.593
POLYLINE BLUE
8.910	20.333
8.910	20.373
8.970	20.383
9.010	20.323
POLYLINE BLUE
9.200	19.933
9.200	19.953
9.170	19.793
9.140	19.583
9.130	19.373
9.180	19.273
9.210	19.213
9.180	19.063
9.140	18.963
9.150	18.923
POLYLINE BLUE
8.940	19.973
8.900	19.743
8.910	19.723
8.900	19.643
8.870	19.603
8.850	19.613
8.810	19.593
8.790	19.593
8.680	19.683
8.590	19.753
8.510	19.773
8.480	19.813
8.400	19.803
8.340	19.723
8.320	19.573
8.160	19.253
8.140	19.093
POLYLINE BLUE
8.620	21.383
8.580	21.373
8.560	21.353
POLYLINE BLUE
8.520	21.393
8.510	21.443
8.470	21.443
8.450	21.423
8.410	21.453
POLYLINE BLUE
8.670	21.423
8.650	21.433
POLYLINE BLUE
8.460	21.573
8.440	21.563
8.400	21.583
POLYLINE BLUE
8.510	21.563
8.470	21.583
8.490	21.523
POLYLINE BLUE
8.480	21.723
8.370	21.683
8.510	21.633
POLYLINE BLUE
8.080	21.543
8.060	21.733
8.040	21.773
POLYLINE BLUE
7.950	21.903
POLYLINE BLUE
7.900	21.953
7.880	21.953
POLYLINE BLUE
7.920	22.013
7.840	22.043
POLYLINE BLUE
7.960	22.033
7.940	22.103
POLYLINE BLUE
8.000	22.043
8.010	22.083
POLYLINE BLUE
7.950	21.863
7.980	21.903
POLYLINE BLUE
8.020	21.833
8.040	21.873
POLYLINE BLUE
8.110	21.743
8.090	21.823
POLYLINE BLUE
8.180	21.753
8.150	21.823
POLYLINE BLUE
8.240	21.823
8.220	21.823
POLYLINE BLUE
8.210	21.933
8.210	21.903
8.160	21.893
POLYLINE BLUE
8.180	21.953
8.140	21.943
POLYLINE BLUE
8.090	22.033
8.070	21.993
POLYLINE BLUE
8.070	21.983
8.060	22.023
8.140	21.953
8.170	21.913
8.170	21.933
8.150	21.953
8.230	21.823
8.200	21.743
8.120	21.733
8.000	21.793
7.910	21.883
POLYLINE BLUE
8.970	20.213
POLYLINE BLUE
8.870	20.303
8.870	20.283
POLYLINE BLUE
8.790	20.373
8.750	20.383
POLYLINE BLUE
8.800	20.483
8.740	20.493
POLYLINE BLUE
9.080	20.263
9.060	20.253
POLYLINE BLUE
9.020	20.353
8.990	20.313
POLYLINE BLUE
8.960	20.443
8.940	20.423
POLYLINE BLUE
8.870	20.533
8.850	20.523
POLYLINE BLUE
9.010	20.343
9.010	20.363
9.000	20.343
POLYLINE BLUE
8.960	20.383
POLYLINE BLUE
8.900	20.453
8.920	20.473
8.920	20.453
POLYLINE BLUE
8.880	20.513
POLYLINE BLUE
8.160	21.433
8.160	21.453
POLYLINE BLUE
8.150	21.133
8.150	21.153
POLYLINE BLUE
8.180	21.103
8.170	21.123
8.170	21.103
POLYLINE BLUE
8.290	21.063
POLYLINE BLUE
8.280	21.193
POLYLINE BLUE
8.300	21.193
8.280	21.273
POLYLINE BLUE
8.260	21.363
POLYLINE BLUE
8.240	21.463
POLYLINE BLUE
8.080	21.513
8.080	21.533
POLYLINE BLUE
8.080	21.523
8.080	21.543
POLYLINE BLUE
8.130	20.813
8.130	20.833
8.140	20.813
8.150	20.883
8.080	21.223
8.090	21.263
8.080	21.283
8.090	21.343
8.060	21.593
POLYLINE BLUE
8.960	19.953
8.930	20.083
8.820	20.273
8.740	20.343
8.720	20.333
8.640	20.383
8.620	20.373
8.420	20.483
8.350	20.543
8.270	20.583
8.230	20.683
8.150	20.813
8.110	20.953
POLYLINE BLUE
8.200	21.873
8.260	21.703
8.240	21.373
8.270	21.143
8.280	21.003
8.310	20.943
8.430	20.883
8.470	20.873
8.570	20.763
8.610	20.753
8.650	20.703
8.880	20.513
9.150	20.213
9.210	20.143
9.230	20.013
9.210	19.903
POLYLINE BLUE
7.640	21.613
7.620	21.643
POLYLINE BLUE
7.470	21.523
7.480	21.593
POLYLINE BLUE
7.360	21.513
7.350	21.573
7.330	21.573
POLYLINE BLUE
7.360	21.633
7.340	21.673
POLYLINE BLUE
7.430	21.673
7.420	21.713
POLYLINE BLUE
7.530	21.673
7.510	21.783
POLYLINE BLUE
6.730	21.343
POLYLINE BLUE
6.660	21.203
6.660	21.223
POLYLINE BLUE
6.490	21.103
6.510	21.193
POLYLINE BLUE
6.310	21.053
6.340	21.123
POLYLINE BLUE
6.160	20.993
6.200	21.053
POLYLINE BLUE
6.020	20.923
6.050	20.963
POLYLINE BLUE
5.880	21.023
POLYLINE BLUE
5.960	21.133
5.920	21.133
POLYLINE BLUE
6.000	21.213
5.980	21.243
POLYLINE BLUE
6.120	21.313
6.070	21.363
POLYLINE BLUE
6.240	21.353
6.230	21.413
POLYLINE BLUE
6.370	21.413
6.370	21.453
POLYLINE BLUE
6.490	21.433
6.490	21.453
POLYLINE BLUE
6.650	21.453
6.650	21.473
POLYLINE BLUE
4.670	20.803
4.670	20.823
POLYLINE BLUE
4.720	20.803
4.730	20.863
POLYLINE BLUE
4.680	20.643
4.690	20.663
POLYLINE BLUE
4.780	20.603
4.800	20.673
POLYLINE BLUE
4.870	20.683
POLYLINE BLUE
4.860	20.813
4.840	20.793
POLYLINE BLUE
4.600	20.663
4.850	20.613
4.900	20.673
4.910	20.753
4.900	20.793
4.780	20.883
4.740	20.893
4.620	20.833
4.570	20.683
4.580	20.643
POLYLINE BLUE
6.680	21.133
6.690	21.153
6.670	21.193
6.720	21.303
6.750	21.343
6.760	21.403
6.730	21.463
6.690	21.493
6.530	21.513
6.420	21.473
6.360	21.483
6.240	21.423
6.200	21.433
6.030	21.383
5.880	21.193
5.840	21.013
5.860	20.953
5.920	20.923
POLYLINE BLUE
5.980	20.853
5.960	20.963
5.980	20.973
6.020	20.943
6.380	21.083
6.520	21.143
6.700	21.333
6.630	21.423
6.630	21.453
6.580	21.503
6.560	21.493
6.540	21.513
POLYLINE BLUE
4.900	20.733
5.100	20.793
5.220	20.773
5.240	20.793
5.260	20.783
5.380	20.813
5.560	20.863
5.580	20.853
5.890	20.893
6.100	20.953
6.230	21.043
6.350	21.083
6.440	21.093
6.690	21.213
6.940	21.363
7.060	21.383
7.310	21.463
POLYLINE BLUE
4.740	20.983
4.740	20.963
4.670	20.913
4.660	20.883
4.640	20.883
4.580	20.813
4.570	20.753
4.560	20.713
4.590	20.623
4.630	20.653
4.670	20.643
4.830	20.713
4.850	20.713
4.860	20.733
4.880	20.723
POLYLINE BLUE
7.150	21.613
7.150	21.633
7.110	21.603
7.090	21.613
6.970	21.593
6.930	21.603
6.730	21.563
6.590	21.553
6.450	21.503
6.260	21.453
6.030	21.383
5.890	21.373
5.590	21.263
5.490	21.253
5.330	21.183
5.220	21.183
4.930	21.093
4.810	21.053
4.810	21.033
4.750	21.013
POLYLINE BLUE
7.370	21.583
7.420	21.613
POLYLINE BLUE
7.920	21.973
POLYLINE BLUE
7.850	22.043
7.810	22.023
7.800	21.953
7.860	21.873
7.950	21.853
8.010	21.863
8.080	22.003
8.080	22.033
8.020	22.113
POLYLINE BLUE
7.500	21.703
7.450	21.733
7.280	21.693
7.240	21.603
7.250	21.543
7.340	21.483
7.480	21.523
7.590	21.603
7.630	21.663
7.640	21.683
7.590	21.733
7.500	21.763
7.340	21.703
POLYLINE BLUE
7.720	21.133
7.750	21.333
7.750	21.353
7.730	21.393
7.720	21.473
7.640	21.513
7.410	21.493
7.310	21.463
7.290	21.463
POLYLINE BLUE
7.910	21.193
7.910	21.213
7.970	21.283
8.040	21.493
8.150	21.663
8.180	21.783
8.140	21.973
8.010	22.123
7.930	22.153
7.800	21.973
7.720	21.883
7.700	21.883
7.650	21.843
7.630	21.843
7.550	21.793
7.410	21.743
7.340	21.693
7.150	21.633

ELEVATION
STATIONS
40.380	-13.134	5.1
43.793	-12.398	5.2
39.476	-11.214	5.3
38.240	-10.691	5.4
36.647	-10.676	5.5
34.586	-11.923	5.6
33.766	-14.734	5.7
33.416	-9.782	5.8
34.645	-8.510	5.9
36.057	-5.552	5.10
34.696	-4.817	5.11
37.206	-2.980	5.12
SHOTS
34.696	-4.817	37.206	-2.980
37.206	-2.980	34.326	-6.014
37.206	-2.980	36.094	-4.482
37.206	-2.980	35.746	-4.003
37.206	-2.980	34.779	-3.978
37.206	-2.980	36.765	-2.969
37.206	-2.980	36.740	-2.796
37.206	-2.980	36.902	-2.017
37.206	-2.980	37.012	-3.904
36.057	-5.552	34.696	-4.817
34.645	-8.510	36.057	-5.552
36.057	-5.552	35.028	-2.322
36.057	-5.552	34.132	-3.862
36.057	-5.552	34.441	-5.837
36.057	-5.552	34.164	-3.376
36.057	-5.552	35.406	-5.296
33.416	-9.782	34.645	-8.510
34.645	-8.510	35.807	-5.717
34.645	-8.510	35.550	-7.210
34.645	-8.510	34.797	-6.827
34.645	-8.510	34.008	-7.254
34.645	-8.510	33.933	-8.844
33.766	-14.734	33.416	-9.782
33.416	-9.782	33.847	-10.457
33.416	-9.782	33.477	-10.824
33.416	-9.782	32.997	-10.199
34.586	-11.923	33.766	-14.734
33.766	-14.734	33.370	-14.907
33.766	-14.734	33.023	-12.238
33.766	-14.734	33.841	-13.681
33.766	-14.734	33.516	-14.698
33.766	-14.734	34.080	-13.960
33.766	-14.734	33.774	-14.968
33.766	-14.734	33.416	-16.009
36.647	-10.676	34.586	-11.923
34.586	-11.923	35.273	-10.728
34.586	-11.923	34.145	-11.516
34.586	-11.923	34.881	-12.023
34.586	-11.923	36.338	-10.848
34.586	-11.923	35.178	-11.986
34.586	-11.923	35.363	-11.480
34.586	-11.923	33.800	-12.470
34.586	-11.923	34.065	-12.320
34.586	-11.923	34.268	-12.389
34.586	-11.923	34.861	-12.153
34.586	-11.923	35.094	-12.079
38.240	-10.691	36.647	-10.676
36.647	-10.676	36.783	-11.608
36.647	-10.676	37.075	-11.059
36.647	-10.676	36.404	-11.276
36.647	-10.676	36.166	-11.146
36.647	-10.676	37.144	-11.448
36.647	-10.676	37.403	-10.971
36.647	-10.676	37.741	-10.365
36.647	-10.676	37.832	-10.250
36.647	-10.676	37.006	-10.326
39.476	-11.214	38.240	-10.691
38.240	-10.691	38.436	-10.709
38.240	-10.691	38.757	-11.400
38.240	-10.691	38.024	-12.722
38.240	-10.691	37.719	-11.589
40.380	-13.134	39.476	-11.214
39.476	-11.214	38.653	-10.406
39.476	-11.214	38.973	-10.391
39.476	-11.214	38.900	-10.320
39.476	-11.214	39.285	-9.780
39.476	-11.214	39.118	-11.386
39.476	-11.214	39.785	-12.217
39.476	-11.214	39.389	-11.751
40.380	-13.134	43.793	-12.398
43.793	-12.398	41.987	-11.863
43.793	-12.398	42.233	-11.617
43.793	-12.398	42.799	-10.852
43.793	-12.398	42.915	-9.621
43.793	-12.398	43.365	-9.038
43.793	-12.398	43.571	-9.745
43.793	-12.398	44.145	-10.725
43.793	-12.398	41.591	-13.151
43.793	-12.398	42.545	-12.869
37.643	-16.009	40.380	-13.134
40.380	-13.134	39.490	-13.270
40.380	-13.134	39.489	-12.991
40.380	-13.134	40.401	-13.152
40.380	-13.134	39.830	-13.002
40.380	-13.134	40.023	-13.828
POLYLINE BLUE
38.917	-2.139
38.897	-2.319
POLYLINE BLUE
39.297	-1.259
39.137	-1.599
38.937	-1.839
38.817	-2.199
38.817	-2.339
POLYLINE BLUE
39.417	0.741
39.637	0.801
39.677	0.781
39.757	0.801
39.957	0.741
39.997	0.761
40.037	0.381
39.957	0.141
39.977	-0.119
40.017	-0.439
39.997	-0.799
39.917	-0.919
39.797	-0.979
39.757	-0.979
39.377	-1.239
39.357	-1.279
POLYLINE BLUE
38.837	-2.639
38.897	-2.399
POLYLINE BLUE
36.697	-0.199
36.717	0.101
36.817	0.241
36.877	0.321
37.117	0.381
37.277	0.461
37.537	0.481
37.657	0.561
37.777	0.581
37.857	0.641
38.137	0.701
POLYLINE BLUE
38.177	0.721
38.297	0.741
38.477	0.701
38.677	0.721
39.237	0.681
39.477	0.701
POLYLINE BLUE
36.957	-0.979
36.837	-0.599
36.657	-0.419
36.637	-0.339
36.657	-0.219
36.557	0.101
36.597	0.101
36.637	0.141
POLYLINE BLUE
37.337	-2.599
37.397	-2.439
37.357	-2.179
37.157	-1.759
36.957	-1.359
36.977	-0.979
36.937	-0.799
36.937	-0.719
36.997	-0.599
POLYLINE BLUE
37.357	-2.759
37.377	-2.639
37.437	-2.519
37.417	-2.479
POLYLINE BLUE
37.317	-3.079
37.297	-2.879
37.437	-2.659
POLYLINE BLUE
37.497	-3.799
37.537	-3.679
37.417	-3.299
37.277	-3.099
37.277	-3.019
37.237	-2.939
37.237	-2.819
POLYLINE BLUE
38.457	-3.819
38.577	-3.339
38.717	-3.099
38.837	-2.719
POLYLINE BLUE
37.917	-5.579
37.877	-5.879
POLYLINE BLUE
37.637	-5.639
37.637	-5.599
37.717	-5.739
37.717	-5.899
POLYLINE BLUE
37.917	-5.419
37.877	-5.699
POLYLINE BLUE
37.957	-5.199
37.897	-5.539
37.897	-5.779
POLYLINE BLUE
37.617	-5.579
37.537	-5.579
37.597	-5.539
37.697	-5.719
POLYLINE BLUE
37.417	-5.659
37.757	-5.419
37.977	-5.219
38.277	-4.379
38.377	-4.019
38.397	-3.639
38.517	-3.059
38.517	-3.019
POLYLINE BLUE
36.697	-4.459
36.777	-4.239
37.077	-4.039
37.517	-3.899
37.697	-3.599
POLYLINE BLUE
36.657	-5.679
36.637	-5.499
36.657	-5.319
36.617	-5.059
36.657	-4.759
36.737	-4.359
36.817	-4.019
36.837	-3.979
POLYLINE BLUE
36.037	-6.379
36.057	-6.419
36.557	-6.179
36.557	-6.139
36.637	-5.919
36.617	-5.639
POLYLINE BLUE
36.817	-6.819
37.037	-6.499
37.237	-6.379
37.317	-5.999
37.397	-5.639
37.397	-5.599
37.497	-5.699
37.517	-5.759
POLYLINE BLUE
36.717	-7.899
36.737	-7.599
36.817	-7.439
36.857	-7.099
36.817	-6.979
36.957	-6.519
36.977	-6.399
36.977	-6.439
POLYLINE BLUE
36.257	-7.059
36.237	-6.799
36.297	-6.719
36.477	-6.619
36.577	-6.679
36.557	-6.859
36.597	-7.099
36.597	-7.179
36.477	-7.199
36.437	-7.179
36.397	-7.219
36.257	-7.139
36.217	-7.099
POLYLINE BLUE
35.777	-6.679
35.777	-6.639
35.857	-6.519
35.837	-6.479
POLYLINE BLUE
35.797	-6.899
35.777	-6.739
35.877	-6.579
35.937	-6.459
36.097	-6.379
POLYLINE BLUE
35.857	-7.179
35.817	-6.899
POLYLINE BLUE
36.577	-7.579
36.497	-7.399
36.417	-7.339
36.397	-7.239
36.297	-7.079
36.257	-6.779
36.277	-6.619
POLYLINE BLUE
35.757	-9.219
35.737	-9.039
35.777	-8.779
35.737	-8.279
35.757	-8.139
35.737	-8.019
35.777	-7.419
35.897	-7.139
POLYLINE BLUE
37.337	-8.299
36.957	-8.279
36.877	-8.239
36.637	-7.779
36.597	-7.399
POLYLINE BLUE
35.767	-9.149
35.737	-9.149
35.677	-9.314
35.647	-9.539
35.677	-9.659
35.662	-9.794
35.752	-10.004
35.812	-10.229
36.052	-10.739
36.127	-10.964
36.202	-11.084
36.232	-11.459
POLYLINE BLUE
36.067	-13.124
36.067	-13.034
36.037	-12.914
36.052	-12.749
36.172	-12.404
36.217	-12.104
36.247	-11.894
36.217	-11.699
POLYLINE BLUE
36.697	-11.984
36.682	-12.134
36.607	-12.299
36.592	-12.629
36.532	-12.779
36.502	-12.839
36.517	-12.929
36.412	-13.094
36.382	-13.109
36.352	-13.094
36.202	-13.169
36.052	-13.109
36.022	-13.124
POLYLINE BLUE
36.727	-11.924
36.712	-11.954
POLYLINE BLUE
37.372	-10.244
37.177	-10.529
37.102	-10.574
37.012	-10.739
37.027	-10.799
36.967	-10.994
36.892	-11.144
36.877	-11.249
36.832	-11.429
36.757	-11.654
36.772	-11.684
36.742	-11.804
POLYLINE BLUE
37.492	-10.049
POLYLINE BLUE
37.942	-9.164
37.942	-9.134
37.807	-9.419
37.732	-9.719
37.582	-9.884
POLYLINE BLUE
36.772	-8.624
36.682	-8.729
36.457	-8.819
36.082	-8.939
35.557	-9.224
35.332	-9.404
35.332	-9.434
35.302	-9.494
35.242	-9.734
POLYLINE BLUE
36.847	-8.564
36.787	-8.594
36.787	-8.624
36.667	-8.774
POLYLINE BLUE
36.997	-8.489
36.892	-8.489
36.832	-8.519
POLYLINE BLUE
38.692	-7.529
38.362	-7.769
38.332	-7.754
38.092	-7.814
37.867	-7.919
37.792	-7.934
37.627	-8.084
37.597	-8.084
37.582	-8.129
37.552	-8.129
37.357	-8.339
37.237	-8.399
37.117	-8.414
37.027	-8.459
POLYLINE BLUE
38.677	-7.514
38.617	-7.484
38.587	-7.499
38.467	-7.484
POLYLINE BLUE
38.512	-8.729
38.467	-8.699
38.407	-8.684
38.377	-8.699
38.317	-8.684
38.017	-8.879
37.927	-9.074
POLYLINE BLUE
40.942	-7.514
40.942	-7.484
40.687	-7.529
40.537	-7.574
40.327	-7.514
40.147	-7.379
40.087	-7.364
40.057	-7.379
39.997	-7.364
39.922	-7.424
39.802	-7.484
39.577	-7.529
39.547	-7.514
38.932	-7.574
38.737	-7.544
38.647	-7.559
POLYLINE BLUE
40.447	-8.579
40.297	-8.474
40.267	-8.474
40.057	-8.579
39.997	-8.594
39.907	-8.549
39.727	-8.519
39.697	-8.519
39.652	-8.489
39.532	-8.459
39.307	-8.339
39.127	-8.339
38.797	-8.579
38.557	-8.684
POLYLINE BLUE
40.672	-9.764
40.582	-9.404
40.567	-9.044
40.492	-8.699
40.432	-8.609
POLYLINE BLUE
40.552	-9.794
40.522	-9.464
POLYLINE BLUE
40.507	-9.509
POLYLINE BLUE
41.377	-7.529
41.347	-7.544
41.287	-7.529
41.197	-7.544
41.167	-7.529
41.077	-7.544
41.017	-7.499
40.927	-7.514
40.897	-7.484
40.867	-7.499
POLYLINE BLUE
41.797	-8.609
41.617	-8.579
41.587	-8.594
41.497	-8.579
41.422	-8.639
41.047	-9.374
41.002	-9.779
40.972	-9.854
POLYLINE BLUE
41.632	-7.484
41.377	-7.514
POLYLINE BLUE
42.142	-7.529
42.097	-7.229
42.112	-7.094
POLYLINE BLUE
41.587	-7.454
41.752	-7.409
41.872	-7.169
41.902	-7.064
POLYLINE BLUE
42.817	-8.804
42.607	-8.429
42.607	-8.399
42.487	-8.219
42.322	-8.039
42.202	-7.694
42.127	-7.469
42.007	-7.364
POLYLINE BLUE
44.377	-9.359
44.272	-9.179
44.242	-9.209
44.152	-9.224
44.002	-9.269
43.912	-9.269
43.777	-9.314
43.717	-9.299
43.657	-9.314
43.627	-9.299
43.597	-9.329
43.537	-9.329
43.402	-9.254
43.252	-9.179
43.192	-9.089
42.997	-8.984
42.982	-8.939
42.952	-8.939
42.862	-8.864
POLYLINE BLUE
41.917	-8.534
41.902	-8.504
41.872	-8.519
41.842	-8.504
41.767	-8.684
POLYLINE BLUE
42.532	-10.019
42.577	-9.929
42.562	-9.734
42.577	-9.674
42.547	-9.434
42.472	-9.209
42.202	-8.924
42.172	-8.924
42.037	-8.669
42.007	-8.669
41.917	-8.564
41.827	-8.504
POLYLINE BLUE
46.777	-9.914
46.717	-10.124
POLYLINE BLUE
46.042	-9.914
46.027	-9.884
46.207	-9.779
46.297	-9.824
46.327	-9.824
46.357	-10.049
46.342	-10.409
POLYLINE BLUE
46.732	-9.479
46.792	-9.749
46.747	-10.034
POLYLINE BLUE
46.012	-6.119
45.982	-6.029
45.952	-6.314
45.922	-6.449
45.937	-6.479
45.892	-6.554
45.682	-6.779
45.637	-7.034
45.667	-7.289
45.637	-7.544
45.652	-7.574
45.607	-7.769
45.457	-8.069
45.472	-8.294
45.307	-8.504
44.842	-8.894
44.662	-9.089
44.587	-9.134
44.497	-9.164
POLYLINE BLUE
46.882	-8.159
46.852	-7.889
46.792	-7.754
46.612	-7.559
46.477	-7.379
46.357	-6.944
46.237	-6.644
46.177	-6.254
46.102	-6.119
POLYLINE BLUE
46.552	-9.539
46.537	-9.569
46.552	-9.449
46.687	-9.314
46.717	-9.314
46.747	-9.284
46.522	-9.554
46.522	-9.659
POLYLINE BLUE
46.732	-9.554
46.702	-9.329
46.762	-8.924
46.792	-8.654
46.897	-8.264
46.882	-8.069
POLYLINE BLUE
42.262	-10.424
42.502	-10.244
42.562	-10.049
POLYLINE BLUE
43.402	-10.274
43.372	-10.274
43.177	-10.499
43.072	-10.694
42.997	-10.784
POLYLINE BLUE
45.022	-10.469
45.022	-10.379
45.142	-10.064
45.262	-10.004
45.352	-9.989
45.382	-10.004
45.562	-9.944
45.637	-9.959
45.877	-9.869
46.072	-9.869
46.102	-9.839
46.132	-9.854
46.162	-9.824
POLYLINE BLUE
44.332	-10.589
44.317	-10.469
44.332	-10.334
44.542	-10.229
44.692	-10.484
44.692	-10.514
POLYLINE BLUE
43.552	-10.214
43.582	-10.214
43.432	-10.244
43.372	-10.274
43.687	-10.199
43.837	-10.169
43.987	-10.244
44.062	-10.544
44.047	-10.799
