TRIP
DATE 2006-01-31 
DECLINATION     0.00
DATA
1.13	6.1	220.61	-40.24	1.912	>
6.1		139.64	10.77	0.872	>
6.1		178.98	21.14	0.421	>
6.1		91.02	12.53	1.033	>
6.1	6.2	162.18	-2.95	2.837	>
6.2		339.28	-5.27	1.240	>
6.2		336.63	-32.13	0.929	>
6.2		198.95	-80.73	0.879	>
6.2		257.35	-9.26	0.416	>
6.2	6.3	147.28	-66.32	0.779	>
6.3	6.4	209.01	-1.98	0.986	>

PLAN
STATIONS
-1.756	16.368	6.1
-0.889	13.671	6.2
-0.720	13.408	6.3
-1.198	12.546	6.4
SHOTS
-0.720	13.408	-1.198	12.546
-0.889	13.671	-0.720	13.408
-1.756	16.368	-0.889	13.671
-0.889	13.671	-1.326	14.826
-0.889	13.671	-1.201	14.393
-0.889	13.671	-0.935	13.537
-0.889	13.671	-1.290	13.581
-0.806	17.476	-1.756	16.368
-1.756	16.368	-1.201	15.715
-1.756	16.368	-1.749	15.975
-1.756	16.368	-0.748	16.350
POLYLINE RED
-1.316	15.048
-1.316	14.988
POLYLINE RED
-1.376	14.968
-1.376	14.928
POLYLINE RED
-1.536	15.028
-1.416	14.768
POLYLINE RED
-1.556	14.928
-1.316	15.128
POLYLINE RED
-1.616	14.888
-1.316	15.068
POLYLINE RED
-1.176	15.348
-1.176	15.388
-1.156	14.688
-0.956	14.708
-0.936	14.748
-1.036	15.068
-1.056	15.428
-1.136	15.448
-1.236	15.428
POLYLINE RED
-0.876	14.488
-0.856	14.448
POLYLINE RED
-0.956	14.468
-0.936	14.368
POLYLINE RED
-1.076	14.368
-1.076	14.408
-1.096	14.288
POLYLINE RED
-1.296	14.428
-1.236	14.288
POLYLINE RED
-1.396	14.308
-1.336	14.188
POLYLINE RED
-1.396	14.208
-1.476	14.268
-1.316	14.408
-0.856	14.528
POLYLINE RED
-1.156	12.528
-1.136	12.488
-0.836	12.868
-0.736	13.108
-0.636	13.388
-0.696	13.528
-0.716	13.768
POLYLINE RED
-1.196	13.528
-1.196	13.568
-1.076	13.548
-0.956	13.428
-1.136	13.188
-1.196	12.688
POLYLINE RED
-1.116	13.908
-1.276	13.648
-1.316	13.608
POLYLINE RED
-1.816	15.928
-1.816	15.928
-1.836	15.888
-1.796	15.728
-1.756	15.688
-1.696	15.368
-1.656	15.028
-1.516	14.528
-1.496	14.228
-1.396	13.988
-1.196	13.908
-1.176	13.808
POLYLINE RED
-0.836	14.528
-0.816	14.228
-0.836	14.188
-0.696	13.828
-0.716	13.708
-0.776	13.628
POLYLINE RED
-1.076	15.528
-1.076	15.568
-1.096	15.428
-0.996	15.148
-1.016	15.068
-0.876	14.648
-0.796	14.488
-0.756	14.228
-0.676	14.068
-0.636	13.948
-0.696	13.828
-0.856	13.548
-0.856	13.508
POLYLINE RED
-1.796	16.448
-1.776	16.488
-1.796	16.368
-1.896	15.888
POLYLINE RED
-0.656	16.408
-0.976	16.168
-1.056	15.968
-1.096	15.708
-1.156	15.588

ELEVATION
STATIONS
34.352	-14.638	6.1
37.185	-14.784	6.2
37.498	-15.497	6.3
38.484	-15.531	6.4
SHOTS
37.498	-15.497	38.484	-15.531
37.185	-14.784	37.498	-15.497
34.352	-14.638	37.185	-14.784
37.185	-14.784	35.951	-14.898
37.185	-14.784	36.402	-15.278
37.185	-14.784	37.277	-15.652
37.185	-14.784	37.103	-14.851
32.893	-13.403	34.352	-14.638
34.352	-14.638	35.143	-14.475
34.352	-14.638	34.728	-14.486
34.352	-14.638	34.043	-14.414
POLYLINE RED
37.272	-15.578
37.432	-15.598
37.472	-15.578
37.592	-15.618
37.672	-15.598
37.712	-15.618
37.752	-15.598
37.792	-15.618
37.832	-15.598
37.872	-15.618
38.032	-15.558
38.392	-15.598
POLYLINE RED
37.212	-14.778
37.412	-14.918
37.592	-15.358
37.712	-15.418
37.752	-15.398
37.832	-15.438
38.112	-15.478
38.452	-15.598
POLYLINE RED
34.412	-14.758
34.412	-14.718
34.292	-14.638
34.112	-14.598
34.072	-14.618
33.912	-14.498
POLYLINE RED
34.672	-14.398
34.572	-14.338
34.292	-14.218
34.192	-14.138
POLYLINE RED
34.372	-14.738
34.372	-14.698
34.652	-14.798
34.772	-14.778
35.172	-14.818
35.212	-14.858
35.252	-14.818
35.492	-14.838
35.572	-14.818
35.732	-14.838
35.772	-14.878
35.812	-14.858
35.852	-14.878
35.892	-14.858
36.232	-15.038
36.472	-15.278
36.712	-15.358
36.952	-15.478
36.992	-15.478
37.252	-15.638
37.292	-15.638
POLYLINE RED
34.612	-14.498
34.592	-14.418
34.632	-14.398
35.132	-14.458
35.172	-14.438
35.372	-14.498
35.752	-14.458
35.992	-14.518
36.472	-14.578
36.632	-14.638
36.752	-14.618
36.792	-14.658
36.912	-14.638
37.152	-14.698
37.192	-14.698
