FIX
1.0	0.000	0.000	0.000
TRIP
DATE 2006-01-31 
DECLINATION     0.00
DATA
1.1	1.0	75.94	-33.36	3.051	>
1.1		155.70	-11.70	0.764	>
1.1		102.99	-89.19	0.947	>
1.1		18.03	-76.10	0.928	>
1.1		82.11	-27.03	1.652	>
1.1		86.78	-18.74	0.940	>
1.1		75.91	-31.34	2.549	>
1.1		75.38	-36.20	2.833	>
1.1		77.87	-45.21	1.823	>
1.1		88.96	-34.99	2.016	>
1.1	1.2	293.91	-35.26	0.934	>
1.2	1.3	328.75	2.93	14.601	>
1.3	1.4	68.29	44.00	10.250	>
1.4	1.5	89.00	29.88	4.107	>
1.5	1.6	141.57	12.60	5.126	>
1.6	1.7	126.48	9.26	6.889	>
1.7	1.8	78.91	-3.57	14.119	>
1.8	1.9	151.72	25.84	9.933	>
1.9	1.10	92.19	9.63	10.132	>
1.10	1.11	254.08	-45.01	4.823	>
1.11	1.12	286.39	-59.29	1.825	>

PLAN
STATIONS
0.000	0.000	1.0
-2.472	-0.619	1.1
-3.169	-0.310	1.2
-10.734	12.156	1.3
-3.884	14.883	1.4
-0.324	14.945	1.5
2.786	11.026	1.6
8.253	6.984	1.7
22.082	9.694	1.8
26.318	1.821	1.9
36.300	1.440	1.10
33.021	0.505	1.11
32.127	0.768	1.12
SHOTS
33.021	0.505	32.127	0.768
36.300	1.440	33.021	0.505
26.318	1.821	36.300	1.440
22.082	9.694	26.318	1.821
8.253	6.984	22.082	9.694
2.786	11.026	8.253	6.984
-0.324	14.945	2.786	11.026
-3.884	14.883	-0.324	14.945
-10.734	12.156	-3.884	14.883
-3.169	-0.310	-10.734	12.156
-2.472	-0.619	-3.169	-0.310
0.000	0.000	-2.472	-0.619
-2.472	-0.619	-2.164	-1.301
-2.472	-0.619	-2.459	-0.622
-2.472	-0.619	-2.403	-0.407
-2.472	-0.619	-1.014	-0.417
-2.472	-0.619	-1.583	-0.569
-2.472	-0.619	-0.360	-0.089
-2.472	-0.619	-0.260	-0.042
-2.472	-0.619	-1.216	-0.349
-2.472	-0.619	-0.821	-0.589
POLYLINE BLACK
-4.892	-1.059
-4.882	-1.039
-5.062	-0.939
POLYLINE BLACK
-4.652	-1.899
-4.642	-1.919
-4.662	-1.919
-4.652	-2.029
POLYLINE BLACK
-4.532	-2.089
POLYLINE BLACK
-3.462	-1.059
-3.392	-1.009
-3.142	-0.949
-2.932	-0.869
-2.772	-0.799
-2.422	-0.679
-2.402	-0.669
POLYLINE BLACK
-4.292	-1.629
-4.292	-1.609
-4.202	-1.519
-4.202	-1.499
-3.932	-1.299
-3.932	-1.269
-3.812	-1.179
-3.712	-1.139
-3.552	-1.029
-3.422	-0.979
-3.282	-0.949
POLYLINE BLACK
-4.262	-1.609
POLYLINE BLACK
-4.602	-1.879
-4.432	-1.699
-4.312	-1.629
-4.282	-1.589
POLYLINE BLACK
-4.892	-1.049
-4.812	-1.009
-4.602	-0.969
-4.442	-0.949
-4.052	-0.859
-3.992	-0.829
-3.952	-0.829
-3.832	-0.769
-3.602	-0.739
-3.312	-0.699
-3.032	-0.649
-2.822	-0.599
-2.712	-0.589
-2.502	-0.559

ELEVATION
STATIONS
0.000	0.000	1.0
2.548	1.678	1.1
3.311	1.139	1.2
17.893	1.885	1.3
25.266	9.006	1.4
28.827	11.052	1.5
33.830	12.170	1.6
40.629	13.278	1.7
54.721	12.400	1.8
63.661	16.729	1.9
73.651	18.424	1.10
77.061	15.013	1.11
77.993	13.444	1.12
SHOTS
77.061	15.013	77.993	13.444
73.651	18.424	77.061	15.013
63.661	16.729	73.651	18.424
54.721	12.400	63.661	16.729
40.629	13.278	54.721	12.400
33.830	12.170	40.629	13.278
28.827	11.052	33.830	12.170
25.266	9.006	28.827	11.052
17.893	1.885	25.266	9.006
3.311	1.139	17.893	1.885
2.548	1.678	3.311	1.139
0.000	0.000	2.548	1.678
2.548	1.678	2.237	1.523
2.548	1.678	2.536	0.731
2.548	1.678	2.477	0.777
2.548	1.678	1.084	0.927
2.548	1.678	1.673	1.376
2.548	1.678	0.371	0.352
2.548	1.678	0.262	0.005
2.548	1.678	1.263	0.384
2.548	1.678	0.938	0.522
